51 152 
0 100 1 
52 
0.349696 0.342430 0.214888 0.620660 0.431013 0.033447 0.146879 0.591842 0.091635 0.116904 0.798568 0.536633 0.197687 0.531539 0.579391 0.828296 0.168462 0.348440 0.233233 0.939624 0.257294 0.340340 0.101139 0.838066 0.370479 0.644810 0.323342 0.401259 0.951751 0.072526 0.940624 0.063170 0.694332 0.633701 0.612350 0.770064 0.463980 0.109524 0.762379 0.295860 0.515695 0.291701 0.615566 0.820653 0.709521 0.919747 0.183220 0.382384 0.732702 0.525871 0.306173 0.848088 0.807861 0.719838 0.323242 0.720186 0.161009 0.071740 0.726887 0.791643 0.136945 0.638317 0.186626 0.619276 0.168703 0.397287 0.203324 0.263376 0.564642 0.946340 0.132839 0.617550 0.169916 0.771627 0.737970 0.065015 0.701178 0.698891 0.268851 0.584674 0.614151 0.029163 0.145816 0.722332 0.226084 0.798634 0.636755 0.938415 0.949259 0.193835 0.787790 0.385448 0.221963 0.531024 0.918207 0.298905 0.693365 0.382895 0.312907 0.033768 0.500000 0.000000 0.000000 0.000000 0.000000 0.000000 0.000000 0.000000 0.000000 0.000000 0.000000 0.000000 0.000000 0.000000 0.000000 0.000000 0.000000 0.000000 0.000000 0.000000 0.000000 0.000000 0.000000 0.000000 0.000000 0.000000 0.000000 0.000000 0.000000 0.000000 0.000000 0.000000 0.000000 0.000000 0.000000 0.000000 0.000000 0.000000 0.000000 0.000000 0.000000 0.000000 0.000000 0.000000 0.000000 0.000000 0.000000 0.000000 0.000000 0.000000 0.000000 0.500000 
1.000000 0.000000 0.000000 0.000000 0.000000 0.000000 0.000000 0.000000 0.000000 0.000000 0.000000 0.000000 0.000000 0.000000 0.000000 0.000000 0.000000 0.000000 0.000000 0.000000 0.000000 0.000000 0.000000 0.000000 0.000000 0.000000 0.000000 0.000000 0.000000 0.000000 0.000000 0.000000 0.000000 0.000000 0.000000 0.000000 0.000000 0.000000 0.000000 0.000000 0.000000 0.000000 0.000000 0.000000 0.000000 0.000000 0.000000 0.000000 0.000000 0.000000 0.000000 
2000 15 
1.000000 
0.000100 
0.000050 
0.001000 
1
1
7602 
100 151 0 1 2 3 4 5 6 7 8 9 10 11 12 13 14 15 16 17 18 19 20 21 22 23 24 25 26 27 28 29 30 31 32 33 34 35 36 37 38 39 40 41 42 43 44 45 46 47 48 49 50 51 52 53 54 55 56 57 58 59 60 61 62 63 64 65 66 67 68 69 70 71 72 73 74 75 76 77 78 79 80 81 82 83 84 85 86 87 88 89 90 91 92 93 94 95 96 97 98 99 100 101 102 103 104 105 106 107 108 109 110 111 112 113 114 115 116 117 118 119 120 121 122 123 124 125 126 127 128 129 130 131 132 133 134 135 136 137 138 139 140 141 142 143 144 145 146 147 148 149 150 151 0 1 2 3 4 5 6 7 8 9 10 11 12 13 14 15 16 17 18 19 20 21 22 23 24 25 26 27 28 29 30 31 32 33 34 35 36 37 38 39 40 41 42 43 44 45 46 47 48 49 50 51 52 53 54 55 56 57 58 59 60 61 62 63 64 65 66 67 68 69 70 71 72 73 74 75 76 77 78 79 80 81 82 83 84 85 86 87 88 89 90 91 92 93 94 95 96 97 98 99 100 101 102 103 104 105 106 107 108 109 110 111 112 113 114 115 116 117 118 119 120 121 122 123 124 125 126 127 128 129 130 131 132 133 134 135 136 137 138 139 140 141 142 143 144 145 146 147 148 149 150 151 0 1 2 3 4 5 6 7 8 9 10 11 12 13 14 15 16 17 18 19 20 21 22 23 24 25 26 27 28 29 30 31 32 33 34 35 36 37 38 39 40 41 42 43 44 45 46 47 48 49 50 51 52 53 54 55 56 57 58 59 60 61 62 63 64 65 66 67 68 69 70 71 72 73 74 75 76 77 78 79 80 81 82 83 84 85 86 87 88 89 90 91 92 93 94 95 96 97 98 99 100 101 102 103 104 105 106 107 108 109 110 111 112 113 114 115 116 117 118 119 120 121 122 123 124 125 126 127 128 129 130 131 132 133 134 135 136 137 138 139 140 141 142 143 144 145 146 147 148 149 150 151 0 1 2 3 4 5 6 7 8 9 10 11 12 13 14 15 16 17 18 19 20 21 22 23 24 25 26 27 28 29 30 31 32 33 34 35 36 37 38 39 40 41 42 43 44 45 46 47 48 49 50 51 52 53 54 55 56 57 58 59 60 61 62 63 64 65 66 67 68 69 70 71 72 73 74 75 76 77 78 79 80 81 82 83 84 85 86 87 88 89 90 91 92 93 94 95 96 97 98 99 100 101 102 103 104 105 106 107 108 109 110 111 112 113 114 115 116 117 118 119 120 121 122 123 124 125 126 127 128 129 130 131 132 133 134 135 136 137 138 139 140 141 142 143 144 145 146 147 148 149 150 151 0 1 2 3 4 5 6 7 8 9 10 11 12 13 14 15 16 17 18 19 20 21 22 23 24 25 26 27 28 29 30 31 32 33 34 35 36 37 38 39 40 41 42 43 44 45 46 47 48 49 50 51 52 53 54 55 56 57 58 59 60 61 62 63 64 65 66 67 68 69 70 71 72 73 74 75 76 77 78 79 80 81 82 83 84 85 86 87 88 89 90 91 92 93 94 95 96 97 98 99 100 101 102 103 104 105 106 107 108 109 110 111 112 113 114 115 116 117 118 119 120 121 122 123 124 125 126 127 128 129 130 131 132 133 134 135 136 137 138 139 140 141 142 143 144 145 146 147 148 149 150 151 0 1 2 3 4 5 6 7 8 9 10 11 12 13 14 15 16 17 18 19 20 21 22 23 24 25 26 27 28 29 30 31 32 33 34 35 36 37 38 39 40 41 42 43 44 45 46 47 48 49 50 51 52 53 54 55 56 57 58 59 60 61 62 63 64 65 66 67 68 69 70 71 72 73 74 75 76 77 78 79 80 81 82 83 84 85 86 87 88 89 90 91 92 93 94 95 96 97 98 99 100 101 102 103 104 105 106 107 108 109 110 111 112 113 114 115 116 117 118 119 120 121 122 123 124 125 126 127 128 129 130 131 132 133 134 135 136 137 138 139 140 141 142 143 144 145 146 147 148 149 150 151 0 1 2 3 4 5 6 7 8 9 10 11 12 13 14 15 16 17 18 19 20 21 22 23 24 25 26 27 28 29 30 31 32 33 34 35 36 37 38 39 40 41 42 43 44 45 46 47 48 49 50 51 52 53 54 55 56 57 58 59 60 61 62 63 64 65 66 67 68 69 70 71 72 73 74 75 76 77 78 79 80 81 82 83 84 85 86 87 88 89 90 91 92 93 94 95 96 97 98 99 100 101 102 103 104 105 106 107 108 109 110 111 112 113 114 115 116 117 118 119 120 121 122 123 124 125 126 127 128 129 130 131 132 133 134 135 136 137 138 139 140 141 142 143 144 145 146 147 148 149 150 151 0 1 2 3 4 5 6 7 8 9 10 11 12 13 14 15 16 17 18 19 20 21 22 23 24 25 26 27 28 29 30 31 32 33 34 35 36 37 38 39 40 41 42 43 44 45 46 47 48 49 50 51 52 53 54 55 56 57 58 59 60 61 62 63 64 65 66 67 68 69 70 71 72 73 74 75 76 77 78 79 80 81 82 83 84 85 86 87 88 89 90 91 92 93 94 95 96 97 98 99 100 101 102 103 104 105 106 107 108 109 110 111 112 113 114 115 116 117 118 119 120 121 122 123 124 125 126 127 128 129 130 131 132 133 134 135 136 137 138 139 140 141 142 143 144 145 146 147 148 149 150 151 0 1 2 3 4 5 6 7 8 9 10 11 12 13 14 15 16 17 18 19 20 21 22 23 24 25 26 27 28 29 30 31 32 33 34 35 36 37 38 39 40 41 42 43 44 45 46 47 48 49 50 51 52 53 54 55 56 57 58 59 60 61 62 63 64 65 66 67 68 69 70 71 72 73 74 75 76 77 78 79 80 81 82 83 84 85 86 87 88 89 90 91 92 93 94 95 96 97 98 99 100 101 102 103 104 105 106 107 108 109 110 111 112 113 114 115 116 117 118 119 120 121 122 123 124 125 126 127 128 129 130 131 132 133 134 135 136 137 138 139 140 141 142 143 144 145 146 147 148 149 150 151 0 1 2 3 4 5 6 7 8 9 10 11 12 13 14 15 16 17 18 19 20 21 22 23 24 25 26 27 28 29 30 31 32 33 34 35 36 37 38 39 40 41 42 43 44 45 46 47 48 49 50 51 52 53 54 55 56 57 58 59 60 61 62 63 64 65 66 67 68 69 70 71 72 73 74 75 76 77 78 79 80 81 82 83 84 85 86 87 88 89 90 91 92 93 94 95 96 97 98 99 100 101 102 103 104 105 106 107 108 109 110 111 112 113 114 115 116 117 118 119 120 121 122 123 124 125 126 127 128 129 130 131 132 133 134 135 136 137 138 139 140 141 142 143 144 145 146 147 148 149 150 151 0 1 2 3 4 5 6 7 8 9 10 11 12 13 14 15 16 17 18 19 20 21 22 23 24 25 26 27 28 29 30 31 32 33 34 35 36 37 38 39 40 41 42 43 44 45 46 47 48 49 50 51 52 53 54 55 56 57 58 59 60 61 62 63 64 65 66 67 68 69 70 71 72 73 74 75 76 77 78 79 80 81 82 83 84 85 86 87 88 89 90 91 92 93 94 95 96 97 98 99 100 101 102 103 104 105 106 107 108 109 110 111 112 113 114 115 116 117 118 119 120 121 122 123 124 125 126 127 128 129 130 131 132 133 134 135 136 137 138 139 140 141 142 143 144 145 146 147 148 149 150 151 0 1 2 3 4 5 6 7 8 9 10 11 12 13 14 15 16 17 18 19 20 21 22 23 24 25 26 27 28 29 30 31 32 33 34 35 36 37 38 39 40 41 42 43 44 45 46 47 48 49 50 51 52 53 54 55 56 57 58 59 60 61 62 63 64 65 66 67 68 69 70 71 72 73 74 75 76 77 78 79 80 81 82 83 84 85 86 87 88 89 90 91 92 93 94 95 96 97 98 99 100 101 102 103 104 105 106 107 108 109 110 111 112 113 114 115 116 117 118 119 120 121 122 123 124 125 126 127 128 129 130 131 132 133 134 135 136 137 138 139 140 141 142 143 144 145 146 147 148 149 150 151 0 1 2 3 4 5 6 7 8 9 10 11 12 13 14 15 16 17 18 19 20 21 22 23 24 25 26 27 28 29 30 31 32 33 34 35 36 37 38 39 40 41 42 43 44 45 46 47 48 49 50 51 52 53 54 55 56 57 58 59 60 61 62 63 64 65 66 67 68 69 70 71 72 73 74 75 76 77 78 79 80 81 82 83 84 85 86 87 88 89 90 91 92 93 94 95 96 97 98 99 100 101 102 103 104 105 106 107 108 109 110 111 112 113 114 115 116 117 118 119 120 121 122 123 124 125 126 127 128 129 130 131 132 133 134 135 136 137 138 139 140 141 142 143 144 145 146 147 148 149 150 151 0 1 2 3 4 5 6 7 8 9 10 11 12 13 14 15 16 17 18 19 20 21 22 23 24 25 26 27 28 29 30 31 32 33 34 35 36 37 38 39 40 41 42 43 44 45 46 47 48 49 50 51 52 53 54 55 56 57 58 59 60 61 62 63 64 65 66 67 68 69 70 71 72 73 74 75 76 77 78 79 80 81 82 83 84 85 86 87 88 89 90 91 92 93 94 95 96 97 98 99 100 101 102 103 104 105 106 107 108 109 110 111 112 113 114 115 116 117 118 119 120 121 122 123 124 125 126 127 128 129 130 131 132 133 134 135 136 137 138 139 140 141 142 143 144 145 146 147 148 149 150 151 0 1 2 3 4 5 6 7 8 9 10 11 12 13 14 15 16 17 18 19 20 21 22 23 24 25 26 27 28 29 30 31 32 33 34 35 36 37 38 39 40 41 42 43 44 45 46 47 48 49 50 51 52 53 54 55 56 57 58 59 60 61 62 63 64 65 66 67 68 69 70 71 72 73 74 75 76 77 78 79 80 81 82 83 84 85 86 87 88 89 90 91 92 93 94 95 96 97 98 99 100 101 102 103 104 105 106 107 108 109 110 111 112 113 114 115 116 117 118 119 120 121 122 123 124 125 126 127 128 129 130 131 132 133 134 135 136 137 138 139 140 141 142 143 144 145 146 147 148 149 150 151 0 1 2 3 4 5 6 7 8 9 10 11 12 13 14 15 16 17 18 19 20 21 22 23 24 25 26 27 28 29 30 31 32 33 34 35 36 37 38 39 40 41 42 43 44 45 46 47 48 49 50 51 52 53 54 55 56 57 58 59 60 61 62 63 64 65 66 67 68 69 70 71 72 73 74 75 76 77 78 79 80 81 82 83 84 85 86 87 88 89 90 91 92 93 94 95 96 97 98 99 100 101 102 103 104 105 106 107 108 109 110 111 112 113 114 115 116 117 118 119 120 121 122 123 124 125 126 127 128 129 130 131 132 133 134 135 136 137 138 139 140 141 142 143 144 145 146 147 148 149 150 151 0 1 2 3 4 5 6 7 8 9 10 11 12 13 14 15 16 17 18 19 20 21 22 23 24 25 26 27 28 29 30 31 32 33 34 35 36 37 38 39 40 41 42 43 44 45 46 47 48 49 50 51 52 53 54 55 56 57 58 59 60 61 62 63 64 65 66 67 68 69 70 71 72 73 74 75 76 77 78 79 80 81 82 83 84 85 86 87 88 89 90 91 92 93 94 95 96 97 98 99 100 101 102 103 104 105 106 107 108 109 110 111 112 113 114 115 116 117 118 119 120 121 122 123 124 125 126 127 128 129 130 131 132 133 134 135 136 137 138 139 140 141 142 143 144 145 146 147 148 149 150 151 0 1 2 3 4 5 6 7 8 9 10 11 12 13 14 15 16 17 18 19 20 21 22 23 24 25 26 27 28 29 30 31 32 33 34 35 36 37 38 39 40 41 42 43 44 45 46 47 48 49 50 51 52 53 54 55 56 57 58 59 60 61 62 63 64 65 66 67 68 69 70 71 72 73 74 75 76 77 78 79 80 81 82 83 84 85 86 87 88 89 90 91 92 93 94 95 96 97 98 99 100 101 102 103 104 105 106 107 108 109 110 111 112 113 114 115 116 117 118 119 120 121 122 123 124 125 126 127 128 129 130 131 132 133 134 135 136 137 138 139 140 141 142 143 144 145 146 147 148 149 150 151 0 1 2 3 4 5 6 7 8 9 10 11 12 13 14 15 16 17 18 19 20 21 22 23 24 25 26 27 28 29 30 31 32 33 34 35 36 37 38 39 40 41 42 43 44 45 46 47 48 49 50 51 52 53 54 55 56 57 58 59 60 61 62 63 64 65 66 67 68 69 70 71 72 73 74 75 76 77 78 79 80 81 82 83 84 85 86 87 88 89 90 91 92 93 94 95 96 97 98 99 100 101 102 103 104 105 106 107 108 109 110 111 112 113 114 115 116 117 118 119 120 121 122 123 124 125 126 127 128 129 130 131 132 133 134 135 136 137 138 139 140 141 142 143 144 145 146 147 148 149 150 151 0 1 2 3 4 5 6 7 8 9 10 11 12 13 14 15 16 17 18 19 20 21 22 23 24 25 26 27 28 29 30 31 32 33 34 35 36 37 38 39 40 41 42 43 44 45 46 47 48 49 50 51 52 53 54 55 56 57 58 59 60 61 62 63 64 65 66 67 68 69 70 71 72 73 74 75 76 77 78 79 80 81 82 83 84 85 86 87 88 89 90 91 92 93 94 95 96 97 98 99 100 101 102 103 104 105 106 107 108 109 110 111 112 113 114 115 116 117 118 119 120 121 122 123 124 125 126 127 128 129 130 131 132 133 134 135 136 137 138 139 140 141 142 143 144 145 146 147 148 149 150 151 0 1 2 3 4 5 6 7 8 9 10 11 12 13 14 15 16 17 18 19 20 21 22 23 24 25 26 27 28 29 30 31 32 33 34 35 36 37 38 39 40 41 42 43 44 45 46 47 48 49 50 51 52 53 54 55 56 57 58 59 60 61 62 63 64 65 66 67 68 69 70 71 72 73 74 75 76 77 78 79 80 81 82 83 84 85 86 87 88 89 90 91 92 93 94 95 96 97 98 99 100 101 102 103 104 105 106 107 108 109 110 111 112 113 114 115 116 117 118 119 120 121 122 123 124 125 126 127 128 129 130 131 132 133 134 135 136 137 138 139 140 141 142 143 144 145 146 147 148 149 150 151 0 1 2 3 4 5 6 7 8 9 10 11 12 13 14 15 16 17 18 19 20 21 22 23 24 25 26 27 28 29 30 31 32 33 34 35 36 37 38 39 40 41 42 43 44 45 46 47 48 49 50 51 52 53 54 55 56 57 58 59 60 61 62 63 64 65 66 67 68 69 70 71 72 73 74 75 76 77 78 79 80 81 82 83 84 85 86 87 88 89 90 91 92 93 94 95 96 97 98 99 100 101 102 103 104 105 106 107 108 109 110 111 112 113 114 115 116 117 118 119 120 121 122 123 124 125 126 127 128 129 130 131 132 133 134 135 136 137 138 139 140 141 142 143 144 145 146 147 148 149 150 151 0 1 2 3 4 5 6 7 8 9 10 11 12 13 14 15 16 17 18 19 20 21 22 23 24 25 26 27 28 29 30 31 32 33 34 35 36 37 38 39 40 41 42 43 44 45 46 47 48 49 50 51 52 53 54 55 56 57 58 59 60 61 62 63 64 65 66 67 68 69 70 71 72 73 74 75 76 77 78 79 80 81 82 83 84 85 86 87 88 89 90 91 92 93 94 95 96 97 98 99 100 101 102 103 104 105 106 107 108 109 110 111 112 113 114 115 116 117 118 119 120 121 122 123 124 125 126 127 128 129 130 131 132 133 134 135 136 137 138 139 140 141 142 143 144 145 146 147 148 149 150 151 0 1 2 3 4 5 6 7 8 9 10 11 12 13 14 15 16 17 18 19 20 21 22 23 24 25 26 27 28 29 30 31 32 33 34 35 36 37 38 39 40 41 42 43 44 45 46 47 48 49 50 51 52 53 54 55 56 57 58 59 60 61 62 63 64 65 66 67 68 69 70 71 72 73 74 75 76 77 78 79 80 81 82 83 84 85 86 87 88 89 90 91 92 93 94 95 96 97 98 99 100 101 102 103 104 105 106 107 108 109 110 111 112 113 114 115 116 117 118 119 120 121 122 123 124 125 126 127 128 129 130 131 132 133 134 135 136 137 138 139 140 141 142 143 144 145 146 147 148 149 150 151 0 1 2 3 4 5 6 7 8 9 10 11 12 13 14 15 16 17 18 19 20 21 22 23 24 25 26 27 28 29 30 31 32 33 34 35 36 37 38 39 40 41 42 43 44 45 46 47 48 49 50 51 52 53 54 55 56 57 58 59 60 61 62 63 64 65 66 67 68 69 70 71 72 73 74 75 76 77 78 79 80 81 82 83 84 85 86 87 88 89 90 91 92 93 94 95 96 97 98 99 100 101 102 103 104 105 106 107 108 109 110 111 112 113 114 115 116 117 118 119 120 121 122 123 124 125 126 127 128 129 130 131 132 133 134 135 136 137 138 139 140 141 142 143 144 145 146 147 148 149 150 151 0 1 2 3 4 5 6 7 8 9 10 11 12 13 14 15 16 17 18 19 20 21 22 23 24 25 26 27 28 29 30 31 32 33 34 35 36 37 38 39 40 41 42 43 44 45 46 47 48 49 50 51 52 53 54 55 56 57 58 59 60 61 62 63 64 65 66 67 68 69 70 71 72 73 74 75 76 77 78 79 80 81 82 83 84 85 86 87 88 89 90 91 92 93 94 95 96 97 98 99 100 101 102 103 104 105 106 107 108 109 110 111 112 113 114 115 116 117 118 119 120 121 122 123 124 125 126 127 128 129 130 131 132 133 134 135 136 137 138 139 140 141 142 143 144 145 146 147 148 149 150 151 0 1 2 3 4 5 6 7 8 9 10 11 12 13 14 15 16 17 18 19 20 21 22 23 24 25 26 27 28 29 30 31 32 33 34 35 36 37 38 39 40 41 42 43 44 45 46 47 48 49 50 51 52 53 54 55 56 57 58 59 60 61 62 63 64 65 66 67 68 69 70 71 72 73 74 75 76 77 78 79 80 81 82 83 84 85 86 87 88 89 90 91 92 93 94 95 96 97 98 99 100 101 102 103 104 105 106 107 108 109 110 111 112 113 114 115 116 117 118 119 120 121 122 123 124 125 126 127 128 129 130 131 132 133 134 135 136 137 138 139 140 141 142 143 144 145 146 147 148 149 150 151 0 1 2 3 4 5 6 7 8 9 10 11 12 13 14 15 16 17 18 19 20 21 22 23 24 25 26 27 28 29 30 31 32 33 34 35 36 37 38 39 40 41 42 43 44 45 46 47 48 49 50 51 52 53 54 55 56 57 58 59 60 61 62 63 64 65 66 67 68 69 70 71 72 73 74 75 76 77 78 79 80 81 82 83 84 85 86 87 88 89 90 91 92 93 94 95 96 97 98 99 100 101 102 103 104 105 106 107 108 109 110 111 112 113 114 115 116 117 118 119 120 121 122 123 124 125 126 127 128 129 130 131 132 133 134 135 136 137 138 139 140 141 142 143 144 145 146 147 148 149 150 151 0 1 2 3 4 5 6 7 8 9 10 11 12 13 14 15 16 17 18 19 20 21 22 23 24 25 26 27 28 29 30 31 32 33 34 35 36 37 38 39 40 41 42 43 44 45 46 47 48 49 50 51 52 53 54 55 56 57 58 59 60 61 62 63 64 65 66 67 68 69 70 71 72 73 74 75 76 77 78 79 80 81 82 83 84 85 86 87 88 89 90 91 92 93 94 95 96 97 98 99 100 101 102 103 104 105 106 107 108 109 110 111 112 113 114 115 116 117 118 119 120 121 122 123 124 125 126 127 128 129 130 131 132 133 134 135 136 137 138 139 140 141 142 143 144 145 146 147 148 149 150 151 0 1 2 3 4 5 6 7 8 9 10 11 12 13 14 15 16 17 18 19 20 21 22 23 24 25 26 27 28 29 30 31 32 33 34 35 36 37 38 39 40 41 42 43 44 45 46 47 48 49 50 51 52 53 54 55 56 57 58 59 60 61 62 63 64 65 66 67 68 69 70 71 72 73 74 75 76 77 78 79 80 81 82 83 84 85 86 87 88 89 90 91 92 93 94 95 96 97 98 99 100 101 102 103 104 105 106 107 108 109 110 111 112 113 114 115 116 117 118 119 120 121 122 123 124 125 126 127 128 129 130 131 132 133 134 135 136 137 138 139 140 141 142 143 144 145 146 147 148 149 150 151 0 1 2 3 4 5 6 7 8 9 10 11 12 13 14 15 16 17 18 19 20 21 22 23 24 25 26 27 28 29 30 31 32 33 34 35 36 37 38 39 40 41 42 43 44 45 46 47 48 49 50 51 52 53 54 55 56 57 58 59 60 61 62 63 64 65 66 67 68 69 70 71 72 73 74 75 76 77 78 79 80 81 82 83 84 85 86 87 88 89 90 91 92 93 94 95 96 97 98 99 100 101 102 103 104 105 106 107 108 109 110 111 112 113 114 115 116 117 118 119 120 121 122 123 124 125 126 127 128 129 130 131 132 133 134 135 136 137 138 139 140 141 142 143 144 145 146 147 148 149 150 151 0 1 2 3 4 5 6 7 8 9 10 11 12 13 14 15 16 17 18 19 20 21 22 23 24 25 26 27 28 29 30 31 32 33 34 35 36 37 38 39 40 41 42 43 44 45 46 47 48 49 50 51 52 53 54 55 56 57 58 59 60 61 62 63 64 65 66 67 68 69 70 71 72 73 74 75 76 77 78 79 80 81 82 83 84 85 86 87 88 89 90 91 92 93 94 95 96 97 98 99 100 101 102 103 104 105 106 107 108 109 110 111 112 113 114 115 116 117 118 119 120 121 122 123 124 125 126 127 128 129 130 131 132 133 134 135 136 137 138 139 140 141 142 143 144 145 146 147 148 149 150 151 0 1 2 3 4 5 6 7 8 9 10 11 12 13 14 15 16 17 18 19 20 21 22 23 24 25 26 27 28 29 30 31 32 33 34 35 36 37 38 39 40 41 42 43 44 45 46 47 48 49 50 51 52 53 54 55 56 57 58 59 60 61 62 63 64 65 66 67 68 69 70 71 72 73 74 75 76 77 78 79 80 81 82 83 84 85 86 87 88 89 90 91 92 93 94 95 96 97 98 99 100 101 102 103 104 105 106 107 108 109 110 111 112 113 114 115 116 117 118 119 120 121 122 123 124 125 126 127 128 129 130 131 132 133 134 135 136 137 138 139 140 141 142 143 144 145 146 147 148 149 150 151 0 1 2 3 4 5 6 7 8 9 10 11 12 13 14 15 16 17 18 19 20 21 22 23 24 25 26 27 28 29 30 31 32 33 34 35 36 37 38 39 40 41 42 43 44 45 46 47 48 49 50 51 52 53 54 55 56 57 58 59 60 61 62 63 64 65 66 67 68 69 70 71 72 73 74 75 76 77 78 79 80 81 82 83 84 85 86 87 88 89 90 91 92 93 94 95 96 97 98 99 100 101 102 103 104 105 106 107 108 109 110 111 112 113 114 115 116 117 118 119 120 121 122 123 124 125 126 127 128 129 130 131 132 133 134 135 136 137 138 139 140 141 142 143 144 145 146 147 148 149 150 151 0 1 2 3 4 5 6 7 8 9 10 11 12 13 14 15 16 17 18 19 20 21 22 23 24 25 26 27 28 29 30 31 32 33 34 35 36 37 38 39 40 41 42 43 44 45 46 47 48 49 50 51 52 53 54 55 56 57 58 59 60 61 62 63 64 65 66 67 68 69 70 71 72 73 74 75 76 77 78 79 80 81 82 83 84 85 86 87 88 89 90 91 92 93 94 95 96 97 98 99 100 101 102 103 104 105 106 107 108 109 110 111 112 113 114 115 116 117 118 119 120 121 122 123 124 125 126 127 128 129 130 131 132 133 134 135 136 137 138 139 140 141 142 143 144 145 146 147 148 149 150 151 0 1 2 3 4 5 6 7 8 9 10 11 12 13 14 15 16 17 18 19 20 21 22 23 24 25 26 27 28 29 30 31 32 33 34 35 36 37 38 39 40 41 42 43 44 45 46 47 48 49 50 51 52 53 54 55 56 57 58 59 60 61 62 63 64 65 66 67 68 69 70 71 72 73 74 75 76 77 78 79 80 81 82 83 84 85 86 87 88 89 90 91 92 93 94 95 96 97 98 99 100 101 102 103 104 105 106 107 108 109 110 111 112 113 114 115 116 117 118 119 120 121 122 123 124 125 126 127 128 129 130 131 132 133 134 135 136 137 138 139 140 141 142 143 144 145 146 147 148 149 150 151 0 1 2 3 4 5 6 7 8 9 10 11 12 13 14 15 16 17 18 19 20 21 22 23 24 25 26 27 28 29 30 31 32 33 34 35 36 37 38 39 40 41 42 43 44 45 46 47 48 49 50 51 52 53 54 55 56 57 58 59 60 61 62 63 64 65 66 67 68 69 70 71 72 73 74 75 76 77 78 79 80 81 82 83 84 85 86 87 88 89 90 91 92 93 94 95 96 97 98 99 100 101 102 103 104 105 106 107 108 109 110 111 112 113 114 115 116 117 118 119 120 121 122 123 124 125 126 127 128 129 130 131 132 133 134 135 136 137 138 139 140 141 142 143 144 145 146 147 148 149 150 151 0 1 2 3 4 5 6 7 8 9 10 11 12 13 14 15 16 17 18 19 20 21 22 23 24 25 26 27 28 29 30 31 32 33 34 35 36 37 38 39 40 41 42 43 44 45 46 47 48 49 50 51 52 53 54 55 56 57 58 59 60 61 62 63 64 65 66 67 68 69 70 71 72 73 74 75 76 77 78 79 80 81 82 83 84 85 86 87 88 89 90 91 92 93 94 95 96 97 98 99 100 101 102 103 104 105 106 107 108 109 110 111 112 113 114 115 116 117 118 119 120 121 122 123 124 125 126 127 128 129 130 131 132 133 134 135 136 137 138 139 140 141 142 143 144 145 146 147 148 149 150 151 0 1 2 3 4 5 6 7 8 9 10 11 12 13 14 15 16 17 18 19 20 21 22 23 24 25 26 27 28 29 30 31 32 33 34 35 36 37 38 39 40 41 42 43 44 45 46 47 48 49 50 51 52 53 54 55 56 57 58 59 60 61 62 63 64 65 66 67 68 69 70 71 72 73 74 75 76 77 78 79 80 81 82 83 84 85 86 87 88 89 90 91 92 93 94 95 96 97 98 99 100 101 102 103 104 105 106 107 108 109 110 111 112 113 114 115 116 117 118 119 120 121 122 123 124 125 126 127 128 129 130 131 132 133 134 135 136 137 138 139 140 141 142 143 144 145 146 147 148 149 150 151 0 1 2 3 4 5 6 7 8 9 10 11 12 13 14 15 16 17 18 19 20 21 22 23 24 25 26 27 28 29 30 31 32 33 34 35 36 37 38 39 40 41 42 43 44 45 46 47 48 49 50 51 52 53 54 55 56 57 58 59 60 61 62 63 64 65 66 67 68 69 70 71 72 73 74 75 76 77 78 79 80 81 82 83 84 85 86 87 88 89 90 91 92 93 94 95 96 97 98 99 100 101 102 103 104 105 106 107 108 109 110 111 112 113 114 115 116 117 118 119 120 121 122 123 124 125 126 127 128 129 130 131 132 133 134 135 136 137 138 139 140 141 142 143 144 145 146 147 148 149 150 151 0 1 2 3 4 5 6 7 8 9 10 11 12 13 14 15 16 17 18 19 20 21 22 23 24 25 26 27 28 29 30 31 32 33 34 35 36 37 38 39 40 41 42 43 44 45 46 47 48 49 50 51 52 53 54 55 56 57 58 59 60 61 62 63 64 65 66 67 68 69 70 71 72 73 74 75 76 77 78 79 80 81 82 83 84 85 86 87 88 89 90 91 92 93 94 95 96 97 98 99 100 101 102 103 104 105 106 107 108 109 110 111 112 113 114 115 116 117 118 119 120 121 122 123 124 125 126 127 128 129 130 131 132 133 134 135 136 137 138 139 140 141 142 143 144 145 146 147 148 149 150 151 0 1 2 3 4 5 6 7 8 9 10 11 12 13 14 15 16 17 18 19 20 21 22 23 24 25 26 27 28 29 30 31 32 33 34 35 36 37 38 39 40 41 42 43 44 45 46 47 48 49 50 51 52 53 54 55 56 57 58 59 60 61 62 63 64 65 66 67 68 69 70 71 72 73 74 75 76 77 78 79 80 81 82 83 84 85 86 87 88 89 90 91 92 93 94 95 96 97 98 99 100 101 102 103 104 105 106 107 108 109 110 111 112 113 114 115 116 117 118 119 120 121 122 123 124 125 126 127 128 129 130 131 132 133 134 135 136 137 138 139 140 141 142 143 144 145 146 147 148 149 150 151 0 1 2 3 4 5 6 7 8 9 10 11 12 13 14 15 16 17 18 19 20 21 22 23 24 25 26 27 28 29 30 31 32 33 34 35 36 37 38 39 40 41 42 43 44 45 46 47 48 49 50 51 52 53 54 55 56 57 58 59 60 61 62 63 64 65 66 67 68 69 70 71 72 73 74 75 76 77 78 79 80 81 82 83 84 85 86 87 88 89 90 91 92 93 94 95 96 97 98 99 100 101 102 103 104 105 106 107 108 109 110 111 112 113 114 115 116 117 118 119 120 121 122 123 124 125 126 127 128 129 130 131 132 133 134 135 136 137 138 139 140 141 142 143 144 145 146 147 148 149 150 151 0 1 2 3 4 5 6 7 8 9 10 11 12 13 14 15 16 17 18 19 20 21 22 23 24 25 26 27 28 29 30 31 32 33 34 35 36 37 38 39 40 41 42 43 44 45 46 47 48 49 50 51 52 53 54 55 56 57 58 59 60 61 62 63 64 65 66 67 68 69 70 71 72 73 74 75 76 77 78 79 80 81 82 83 84 85 86 87 88 89 90 91 92 93 94 95 96 97 98 99 100 101 102 103 104 105 106 107 108 109 110 111 112 113 114 115 116 117 118 119 120 121 122 123 124 125 126 127 128 129 130 131 132 133 134 135 136 137 138 139 140 141 142 143 144 145 146 147 148 149 150 151 0 1 2 3 4 5 6 7 8 9 10 11 12 13 14 15 16 17 18 19 20 21 22 23 24 25 26 27 28 29 30 31 32 33 34 35 36 37 38 39 40 41 42 43 44 45 46 47 48 49 50 51 52 53 54 55 56 57 58 59 60 61 62 63 64 65 66 67 68 69 70 71 72 73 74 75 76 77 78 79 80 81 82 83 84 85 86 87 88 89 90 91 92 93 94 95 96 97 98 99 100 101 102 103 104 105 106 107 108 109 110 111 112 113 114 115 116 117 118 119 120 121 122 123 124 125 126 127 128 129 130 131 132 133 134 135 136 137 138 139 140 141 142 143 144 145 146 147 148 149 150 151 0 1 2 3 4 5 6 7 8 9 10 11 12 13 14 15 16 17 18 19 20 21 22 23 24 25 26 27 28 29 30 31 32 33 34 35 36 37 38 39 40 41 42 43 44 45 46 47 48 49 50 51 52 53 54 55 56 57 58 59 60 61 62 63 64 65 66 67 68 69 70 71 72 73 74 75 76 77 78 79 80 81 82 83 84 85 86 87 88 89 90 91 92 93 94 95 96 97 98 99 100 101 102 103 104 105 106 107 108 109 110 111 112 113 114 115 116 117 118 119 120 121 122 123 124 125 126 127 128 129 130 131 132 133 134 135 136 137 138 139 140 141 142 143 144 145 146 147 148 149 150 151 0 1 2 3 4 5 6 7 8 9 10 11 12 13 14 15 16 17 18 19 20 21 22 23 24 25 26 27 28 29 30 31 32 33 34 35 36 37 38 39 40 41 42 43 44 45 46 47 48 49 50 51 52 53 54 55 56 57 58 59 60 61 62 63 64 65 66 67 68 69 70 71 72 73 74 75 76 77 78 79 80 81 82 83 84 85 86 87 88 89 90 91 92 93 94 95 96 97 98 99 100 101 102 103 104 105 106 107 108 109 110 111 112 113 114 115 116 117 118 119 120 121 122 123 124 125 126 127 128 129 130 131 132 133 134 135 136 137 138 139 140 141 142 143 144 145 146 147 148 149 150 151 0 1 2 3 4 5 6 7 8 9 10 11 12 13 14 15 16 17 18 19 20 21 22 23 24 25 26 27 28 29 30 31 32 33 34 35 36 37 38 39 40 41 42 43 44 45 46 47 48 49 50 51 52 53 54 55 56 57 58 59 60 61 62 63 64 65 66 67 68 69 70 71 72 73 74 75 76 77 78 79 80 81 82 83 84 85 86 87 88 89 90 91 92 93 94 95 96 97 98 99 100 101 102 103 104 105 106 107 108 109 110 111 112 113 114 115 116 117 118 119 120 121 122 123 124 125 126 127 128 129 130 131 132 133 134 135 136 137 138 139 140 141 142 143 144 145 146 147 148 149 150 151 0 1 2 3 4 5 6 7 8 9 10 11 12 13 14 15 16 17 18 19 20 21 22 23 24 25 26 27 28 29 30 31 32 33 34 35 36 37 38 39 40 41 42 43 44 45 46 47 48 49 50 51 52 53 54 55 56 57 58 59 60 61 62 63 64 65 66 67 68 69 70 71 72 73 74 75 76 77 78 79 80 81 82 83 84 85 86 87 88 89 90 91 92 93 94 95 96 97 98 99 100 101 102 103 104 105 106 107 108 109 110 111 112 113 114 115 116 117 118 119 120 121 122 123 124 125 126 127 128 129 130 131 132 133 134 135 136 137 138 139 140 141 142 143 144 145 146 147 148 149 150 151 0 1 2 3 4 5 6 7 8 9 10 11 12 13 14 15 16 17 18 19 20 21 22 23 24 25 26 27 28 29 30 31 32 33 34 35 36 37 38 39 40 41 42 43 44 45 46 47 48 49 50 51 52 53 54 55 56 57 58 59 60 61 62 63 64 65 66 67 68 69 70 71 72 73 74 75 76 77 78 79 80 81 82 83 84 85 86 87 88 89 90 91 92 93 94 95 96 97 98 99 100 101 102 103 104 105 106 107 108 109 110 111 112 113 114 115 116 117 118 119 120 121 122 123 124 125 126 127 128 129 130 131 132 133 134 135 136 137 138 139 140 141 142 143 144 145 146 147 148 149 150 151 
0 2 154 306 458 610 762 914 1066 1218 1370 1522 1674 1826 1978 2130 2282 2434 2586 2738 2890 3042 3194 3346 3498 3650 3802 3954 4106 4258 4410 4562 4714 4866 5018 5170 5322 5474 5626 5778 5930 6082 6234 6386 6538 6690 6842 6994 7146 7298 7450 7602 
-1.000000 1.000000 2.472766 -1.071573 -0.652263 0.558258 -0.387939 2.560886 0.811213 -0.318314 0.505443 -0.442995 2.246373 -1.494255 0.089235 0.384270 -2.170274 1.828513 -1.202493 0.412650 -0.117212 -0.060769 0.154627 -0.795894 0.127173 -0.408266 0.405338 0.830635 -0.548787 -0.317909 -0.732327 -2.477878 0.325829 -1.747385 -0.157914 1.106137 -0.905186 -1.168191 -0.337871 -1.100578 -0.285241 -0.513645 -0.737161 -0.961531 -0.592519 -1.145393 0.636556 1.569529 -0.415813 -0.062110 0.262661 -0.065131 -0.346640 1.150571 0.590810 0.633131 -2.022280 -0.124066 0.251892 0.908350 -0.381438 0.088108 1.081601 -1.044000 0.562197 -0.363126 0.037441 -0.344103 -0.258217 -1.574420 -0.031867 -0.087170 -1.653219 0.599739 2.220704 0.998361 0.681983 -1.808234 1.487625 0.674468 1.803916 1.165255 0.063279 -0.417786 0.107421 -0.805393 -0.507725 1.564276 0.508249 -0.017111 -1.330314 0.021351 -0.064731 0.378699 1.251108 -0.245476 0.114255 0.200128 -0.692389 -0.650756 -1.889804 -2.572167 0.533002 -7.647484 0.810903 -0.223656 -0.105998 -1.577019 0.009952 -0.030533 1.015350 -1.088975 0.240177 -0.166442 -0.192177 -0.713588 -0.500518 0.167019 0.151935 0.157167 -0.532711 0.028379 -0.165824 0.187493 -1.106507 -0.350703 -1.083179 1.306100 1.084904 0.195172 -0.044288 0.881335 -0.049885 -0.353317 -0.946724 0.363446 -0.214597 -0.804269 0.083666 0.320614 -0.409317 0.166486 -0.616283 0.156556 -0.710597 0.870517 -0.074261 -0.885776 0.146550 0.354210 -0.467096 -0.348178 -0.030525 -0.533002 0.780250 -0.519914 -1.366360 -1.357015 -1.054546 1.064753 -1.281443 1.106738 -1.812808 0.914270 1.833690 0.063295 0.861450 -0.293821 -1.020785 -0.762329 -1.211225 -1.134220 -0.101523 -1.173722 -0.954674 0.929506 -0.694206 -0.154825 1.947628 0.159470 0.291709 0.038295 1.191881 -1.514470 1.508101 0.553002 0.984495 0.870539 -0.929965 -1.175634 -0.766217 -0.917769 -1.321207 -1.077933 0.622516 -0.159057 1.169250 -0.223047 0.816125 0.628901 0.896297 0.005996 -0.181714 -0.595108 -2.045783 1.033518 -1.997491 -0.150438 -1.475876 -0.407424 0.039992 -0.936584 0.621120 1.938917 1.131165 0.369161 0.236394 -1.056200 -0.577550 0.760243 -0.282566 -0.449717 0.687950 -0.483291 -1.371465 0.240875 0.289389 -0.797660 -0.999980 0.326783 -0.817677 1.247030 1.023914 1.072884 1.573789 0.468857 -1.397260 -2.311823 -1.670553 0.871775 1.650406 1.591373 -0.978414 0.486372 -1.361110 0.741165 -1.316933 -2.777979 0.851102 0.492453 0.469714 -0.493778 1.856739 0.067236 0.160718 0.810903 -6.139392 -0.499117 0.994702 0.128585 0.630108 0.622261 0.840544 -0.922333 -0.033059 0.147115 0.056199 -0.191420 -0.172387 -0.337964 0.397012 0.083564 0.502278 -0.533570 0.159934 -0.720639 0.004942 0.302401 -0.129220 -0.345200 0.310540 -0.135619 -0.460490 0.659104 0.401335 -0.165215 0.044399 0.356897 -0.513897 -0.131840 0.075625 -0.221667 0.237235 0.265043 1.079006 0.688663 -0.150128 0.018919 0.129132 0.108431 0.775856 0.991699 0.216345 1.228580 -0.252596 -0.160718 0.771086 1.200307 1.357883 -0.729743 0.414761 0.801464 -1.069719 1.163024 -0.486212 -1.352192 -0.050938 -0.832874 0.784645 -0.281761 -1.475050 1.949577 0.372690 0.373408 -0.200711 0.098491 0.568738 -1.113257 -1.398885 0.044246 -0.085957 1.112809 -1.259914 0.486053 0.807034 -0.015051 -0.416837 -0.097496 1.444562 -0.623479 0.213296 1.091697 -0.698383 0.209362 1.102083 0.064204 -0.515890 1.166899 -0.835511 0.094565 0.071011 0.510698 0.047575 0.419364 -0.221588 -1.431498 1.377173 -0.497952 0.804528 -0.854492 0.920170 -1.013680 0.023751 -0.747272 1.738693 -0.474703 0.300398 0.195231 -0.174180 0.056461 0.743557 0.602600 -0.078919 -0.325627 0.738205 0.633830 -0.230638 0.429152 0.301492 1.618348 -1.857115 0.670853 -0.252294 0.788224 -0.688082 0.030108 0.393901 1.278805 -0.026774 -1.528912 -1.111530 0.205324 -0.820032 0.189962 1.797626 -0.485051 -0.026876 0.374860 -0.358328 1.065210 -2.235412 1.491850 0.144963 -1.234385 0.022370 0.227138 0.185581 -0.223656 -0.499117 -6.088506 0.436209 0.266593 -0.003909 0.195189 0.635336 0.226765 0.674327 -0.738652 -0.060812 0.589548 -0.718761 0.364698 0.293952 0.160015 -0.911906 -0.765646 -0.219684 0.302973 -0.687166 0.316398 0.196330 -0.707197 -0.110922 -0.926860 0.050201 -0.729049 -0.782204 0.145424 0.298555 0.659527 -0.783030 0.332219 0.343715 -0.288825 -0.141370 0.035492 0.157206 -0.379155 0.596296 -0.858047 -0.707684 -0.700188 -0.484174 -0.966413 -0.707971 0.073444 0.102210 -0.185581 -0.068600 0.767684 -0.397991 1.318930 1.065408 0.905887 0.065471 -0.622733 -0.617759 0.071845 1.473429 -0.719260 0.132342 -0.925182 0.178017 -1.015108 0.040024 -2.001116 -1.104204 -0.377268 0.215519 -0.209998 -0.828260 -0.135888 -0.339240 -1.565861 -0.748282 -0.042541 -0.552149 -0.209852 -2.035369 -0.316041 -0.559833 -0.389470 -0.817643 -0.159885 1.389165 0.896427 2.547071 0.398958 -0.121079 0.197025 -1.684659 -0.043596 0.704267 -0.925544 -2.324099 1.488736 1.234866 0.163812 1.039818 0.053315 -0.246760 -0.805906 1.041861 -0.684072 -1.944790 -1.306413 -0.326775 -1.115048 -1.208786 -1.134443 -1.368003 -0.442269 -0.940047 -0.082395 0.403027 -0.275145 -0.308738 -0.767924 0.680285 0.238063 0.002227 -0.318059 0.144992 0.015561 -0.101164 2.091092 -1.833516 -0.236162 3.595469 2.031329 -0.587832 -1.788466 -2.058510 1.084386 -0.133328 0.279575 -0.735171 -0.085572 -0.673615 2.384376 -1.310726 0.864210 0.020623 1.460492 1.513771 0.414986 0.180699 -1.742079 0.054994 -0.105998 0.994702 0.436209 -6.788153 0.121529 0.186750 -0.110714 -0.241123 -0.651030 -0.422892 0.931436 -0.305028 -0.048965 1.183740 0.480005 -0.124092 0.640021 -0.172582 -0.480445 0.465657 0.366192 0.344891 -0.862378 -0.663702 0.988140 -0.283189 0.379949 0.298450 -0.007440 -0.110617 -0.078093 0.370763 -1.051779 0.771051 -0.075654 0.569342 0.940278 0.328903 1.332766 -0.320183 0.149385 1.272424 0.120037 -0.231331 1.054710 0.201737 -0.325419 0.763589 -0.222906 0.998801 -0.054994 0.230643 -1.295756 -0.259966 1.244474 -0.546722 -0.044517 -0.868034 0.232892 1.582384 0.771926 0.102338 -0.650048 1.563984 -1.529076 0.929835 0.650192 0.424369 -1.144050 -1.601388 -1.359463 1.936561 2.078887 -1.273022 -1.283257 0.250755 0.241082 0.053229 0.079575 0.147367 0.838898 0.613266 -1.383564 0.048611 -0.804086 -0.826027 1.284162 1.556050 0.268055 0.819793 -0.521621 0.255586 0.304200 1.013314 0.025724 -0.729781 1.849240 -0.429386 0.120878 -1.674134 0.242719 -0.480503 0.377506 1.039962 0.193489 1.036623 -1.587105 0.862771 0.806773 1.178672 -1.499217 -1.267923 0.504330 1.154729 0.024781 0.453994 -1.994030 1.246989 0.674909 0.549049 -0.733735 -0.160105 2.133846 -1.560425 -1.451771 0.263744 -0.739520 0.161494 0.530677 -0.212154 -1.005866 -0.181148 1.299953 -0.762673 1.262893 0.571085 1.712810 0.019859 -0.488100 1.001108 0.910943 1.418536 0.624975 -0.566888 -1.478124 0.618691 -0.668115 0.339222 0.027583 0.309138 0.260558 0.276890 -1.577019 0.128585 0.266593 0.121529 -6.836267 -0.527846 0.190963 0.184938 -0.521784 0.083798 0.839544 -0.115321 0.750109 -0.653626 0.054721 -0.233418 0.228992 -0.386903 0.228218 0.331939 -0.077753 -0.435930 0.543974 0.989280 -0.424178 -0.102612 -1.077346 0.173791 -0.051139 -0.860254 0.653685 0.272519 0.189166 -1.081334 0.153502 -0.863646 -0.215661 0.224637 -0.217757 -0.050436 0.095292 -0.908800 0.140691 -0.569625 -0.453119 0.324764 -0.012764 0.494992 -1.105488 -0.067926 -0.276890 -0.437614 -1.941999 0.023934 -0.128172 1.358511 0.135715 -0.466998 1.544689 -0.870700 -0.067331 0.594673 0.692642 0.397593 1.821021 1.386794 0.632311 -0.115611 -0.859332 0.576726 -0.645693 0.803934 0.026411 1.364402 -1.626565 -0.205517 -0.256588 1.138635 -0.944541 0.554477 2.490996 0.392893 -0.189439 -0.178419 -0.454841 0.895338 0.490937 0.646232 -0.496384 -1.094842 0.332703 0.501191 -2.574489 1.330277 0.952831 -0.809783 0.742376 0.041468 0.274869 0.472030 -0.028744 -0.066270 0.773518 -1.971571 -0.569669 1.704471 -1.286360 -0.906375 -1.071062 1.232600 -1.308719 0.289554 0.745926 0.456662 0.598390 0.637610 0.673746 0.631634 -1.647569 0.482149 -2.255264 0.266970 0.008664 -1.457314 0.006605 1.428533 -0.376147 -0.861603 -1.318222 -0.329025 -0.604919 0.759286 0.863456 -0.571646 1.311243 2.081561 -0.073839 1.672443 -0.680055 1.171873 0.400949 -1.293894 -2.308249 -1.304158 1.477838 -1.075598 0.677938 -0.073239 -1.089244 -0.961427 -0.108414 0.686583 0.009952 0.630108 -0.003909 0.186750 -0.527846 -5.287590 -0.202586 0.554267 -0.078629 0.272291 0.325900 0.218476 -0.542472 0.631952 -0.243933 -0.134451 -0.483273 0.884169 0.340979 -0.019265 0.728818 -0.735195 -0.256528 0.087089 0.179714 0.428710 -0.447010 -0.251188 -0.107065 -0.139780 -0.595400 -0.003867 -0.063369 -0.435233 0.307623 -0.956218 0.342928 0.650741 -0.615137 -0.818062 -0.036808 0.164472 0.805574 -0.204243 -0.359092 0.293609 0.758503 -0.263818 -0.662738 0.578292 -0.686583 -0.805129 -0.778924 0.870416 0.381709 -1.018757 1.441469 0.557630 -0.064355 0.898522 -0.850442 -0.083394 -0.592222 1.343723 0.215921 0.474298 0.394393 1.606681 -0.704708 0.306494 -0.236166 0.490079 -0.948462 1.355572 -1.339702 0.239745 -0.103624 -0.275231 -1.410084 1.069307 0.925050 -0.018538 0.965237 0.832644 1.597738 0.275143 0.163465 -0.603734 -0.770869 -0.309735 -0.694504 -0.047285 1.562857 -1.967452 -0.451523 1.352308 0.285010 -0.403261 0.365352 -1.129433 -0.533181 0.979004 0.203824 1.089385 -0.793987 2.691850 0.149103 -0.007970 -0.569727 1.784269 0.537341 0.265679 1.389364 -0.249645 -0.292229 0.611352 0.036908 -0.406958 -0.932279 -1.435127 -1.812978 0.138285 -1.672684 1.256704 0.490972 1.227144 -0.549095 -0.025680 -0.274040 -0.024045 -0.374119 0.876012 0.297101 0.843092 0.207916 -1.482246 -0.103169 1.246711 -1.494728 1.259491 0.079778 -1.451538 -0.029573 1.145219 0.352816 -1.557044 0.655779 -0.156443 -1.027794 0.691437 0.216281 0.396655 -0.030533 0.622261 0.195189 -0.110714 0.190963 -0.202586 -4.702207 0.402011 1.194916 0.007065 0.168300 0.749058 -0.228498 0.023923 0.259871 -0.393440 -0.231745 0.392849 -0.370223 -1.121828 -0.156665 0.299890 -0.287941 -1.210702 -0.041290 0.606719 0.874269 -0.139988 0.431069 -0.084858 1.013856 0.411798 0.740159 -0.185705 -0.826079 -0.192778 0.113909 -0.359188 0.456474 -1.148130 0.137674 0.114153 0.203310 -0.553017 0.458389 0.287306 -0.926646 -0.402152 0.114050 0.208680 -0.396655 -0.645154 -0.289335 -0.379577 -0.344725 0.708404 -0.872037 -0.214254 1.160630 1.422161 0.597734 2.073077 -0.084751 -1.026215 0.516061 -0.803913 0.487604 1.234266 -0.907787 1.486418 0.150135 -0.051252 0.274249 -0.062182 -0.448979 -1.223314 -1.401764 0.561728 1.559873 -1.418324 1.463572 -0.467287 -0.423906 0.502484 -1.336172 0.219256 -1.347139 0.915572 -2.276264 -1.869531 0.239402 -0.247786 -1.040543 1.306269 0.797250 0.370903 0.631513 -0.473143 1.076528 -0.273936 -1.329154 -1.894023 1.470221 0.447802 -0.752592 -0.073708 0.942602 -1.849046 -1.099116 1.392582 0.709433 1.100490 -0.318648 -0.568902 -0.101332 -0.972216 0.873861 -0.629730 -0.329337 2.051324 -0.525911 -0.946147 0.175389 -0.234675 -0.735071 0.819552 -1.647908 0.582773 0.998965 1.086299 -0.875549 0.624444 0.280634 0.745291 0.425027 0.143976 1.466207 -1.509452 1.907004 0.496640 -1.126121 -0.384844 0.201829 -0.578958 -1.027871 1.818283 0.323695 0.395235 -0.661765 1.390004 -0.532006 0.587417 1.015350 0.840544 0.635336 -0.241123 0.184938 0.554267 0.402011 -7.457021 -0.401809 -0.094279 -0.101135 -0.158187 0.459635 0.052250 -0.360392 -0.152278 0.809012 0.121273 -0.085767 0.748853 0.192059 0.140890 -0.896369 1.345993 0.281170 0.336519 0.556901 -0.358255 0.306936 0.088866 -0.396808 -0.186810 -0.962851 1.460584 0.309654 1.630771 -0.605881 -0.899206 0.355217 0.009607 0.324571 -0.722052 -0.116873 0.043889 0.172013 0.516197 -0.332274 0.063523 -0.583868 0.483988 -0.587417 1.068364 -1.298548 -0.045555 0.000584 -0.362564 0.173558 -1.616608 -0.315431 0.359522 0.601435 -1.281408 -0.680762 -0.897646 -1.149543 -0.553545 1.528579 -0.825194 -0.897997 -0.099342 1.096549 -0.180149 0.953446 0.496791 -0.899109 -2.477080 -1.352230 -1.543990 0.345100 -0.076357 1.017969 -1.508716 1.056994 -0.471537 -0.921427 -0.259108 0.101931 -1.541892 -0.984030 -0.419902 -0.689204 -0.695922 0.505712 -0.542822 1.020146 -0.575457 2.463294 -0.841907 -2.481375 -1.135475 0.300793 0.062445 0.577493 1.263827 0.744993 -1.459480 -0.139028 0.037007 -1.258000 -1.000624 0.858417 -1.130826 0.960792 0.356357 -0.066805 0.639501 0.931560 -0.102272 -0.472848 0.438995 -0.606630 1.779293 -1.679831 -0.046180 -0.837250 1.255646 1.918729 -1.089317 0.183836 0.993599 -1.507421 -0.166351 0.860488 -0.894506 0.895673 0.079546 0.329019 -0.155383 -1.070940 1.465348 -0.555467 0.522401 0.948875 0.077605 0.997524 1.934639 0.945041 1.054543 -1.325791 -1.362061 1.011502 0.724481 -1.088975 -0.922333 0.226765 -0.651030 -0.521784 -0.078629 1.194916 -0.401809 -5.385834 -0.715376 -0.003851 -0.257921 0.801084 -0.677558 0.030117 -0.021612 -0.438926 -0.213690 -0.090279 -0.025538 0.462542 -0.701343 0.564706 0.370268 0.068322 -1.902544 -1.110888 -0.350707 -0.143459 -0.395364 -0.640828 -1.041083 0.540294 0.235453 0.155399 0.250128 -0.284197 0.243720 0.450715 1.555236 -0.149986 0.636281 0.646880 0.385959 0.206027 -0.166862 0.402389 -0.680537 0.177755 -0.996755 -0.724481 -0.405559 -0.237692 0.101214 1.236584 1.060592 -1.365454 -0.702780 1.240192 0.120737 -0.285214 0.493736 2.204885 -1.783796 0.524315 -1.622669 -0.922705 0.326067 -0.827870 -0.487585 -1.389865 0.323191 -2.362331 -0.499754 0.592049 -1.380691 0.396341 -0.271121 0.014767 0.039826 0.880889 -0.976656 -1.878395 0.627860 0.343544 -0.317522 -1.159592 1.547835 -0.831356 -0.659562 -0.787266 0.555906 0.406064 -0.484955 0.484596 1.362514 0.257032 -0.220044 0.913221 -0.287313 0.171200 -1.060514 0.058385 0.868841 0.364316 2.056867 -0.405282 0.119366 -2.306034 -0.312177 1.409996 0.129132 -0.999218 0.560470 0.342464 0.574751 1.473800 -0.964130 -1.582601 0.030558 0.411433 0.746493 1.053608 -0.051106 -0.343345 1.024140 0.132359 -1.447982 0.389363 -0.811992 0.850793 -0.806991 -0.519221 -0.193277 -0.317302 -0.171192 0.250250 -0.169660 -1.160986 -0.699591 0.590831 0.060328 0.319876 -0.232248 2.775073 0.562596 1.929776 -1.459835 -1.043420 1.503853 -0.890487 0.348668 0.240177 -0.033059 0.674327 -0.422892 0.083798 0.272291 0.007065 -0.094279 -0.715376 -5.765248 -0.741892 0.434698 -0.083504 0.177290 -0.478137 -0.042668 0.318575 -0.389518 -0.117702 0.424510 -0.148568 0.842537 0.537891 -0.759006 0.011513 0.201627 0.280557 0.136997 0.620454 -0.036065 -1.046809 -0.394794 0.263391 0.518514 -1.007339 0.632544 0.152703 0.411372 0.713965 -0.628019 -0.284992 -0.732236 0.195342 0.871544 0.033698 -0.553828 -1.046340 -0.150150 0.503751 -0.034255 -0.348668 0.256529 2.099961 0.924268 -1.163367 -0.452575 -0.352168 -0.086600 1.409233 0.110491 -1.297580 -0.881791 -1.004200 0.731427 0.510474 1.743414 0.676181 0.240237 1.877909 -1.006352 -1.970003 0.198591 -0.777543 -2.374349 -0.456449 -0.057169 -1.463344 -0.786385 -0.099050 -1.816157 0.909196 0.308497 0.717299 -1.239305 2.814334 -0.702429 0.938274 0.717201 -1.123488 -1.019757 0.130112 -0.505841 0.511883 0.023292 0.317594 -0.424191 -0.317821 -0.811358 -0.062903 -0.009570 0.716326 -0.699100 0.732922 -0.771793 -0.147779 0.039746 0.905805 1.463047 0.804860 -0.133247 0.093723 0.116142 0.528637 0.602431 -1.080398 -0.139830 -1.079986 -1.163537 0.361981 -1.064165 -0.627273 2.147437 0.756863 1.438184 -0.192383 0.149369 0.134569 0.041081 0.635621 1.760735 -1.072395 0.015236 -1.029068 -0.085404 -1.569248 -1.201278 1.213035 -0.083534 2.064859 0.154743 0.818391 -0.055156 1.223354 0.267236 2.147947 -1.031213 1.027358 0.807528 0.738368 -1.266442 1.415911 0.065195 -0.166442 0.147115 -0.738652 0.931436 0.839544 0.325900 0.168300 -0.101135 -0.003851 -0.741892 -4.874925 -0.219875 0.329970 -0.574912 -0.252702 0.103288 0.616484 0.724546 0.036504 -0.005646 -0.628524 0.299914 0.872740 0.018366 -0.507359 -0.080417 0.574358 -0.189573 0.533774 0.251387 0.458663 0.388432 1.028598 0.690994 0.902062 0.293643 -0.192734 0.315634 0.159099 -0.102683 -0.153809 -0.131209 0.597095 -0.405576 -0.059228 -0.002554 -0.490022 0.207856 0.148656 -0.675905 -0.065195 1.522958 -2.588321 -0.261693 -1.545350 -0.428008 0.113412 1.703273 -0.433592 -0.009118 -0.803941 -0.125197 0.792011 0.261738 -0.820220 0.310115 1.230537 0.046029 -1.612233 0.772848 0.392063 0.362692 -0.754875 1.522819 -0.450716 -0.457556 1.344872 -0.704489 -0.780832 -0.652158 0.119617 0.227590 0.954720 1.537693 1.279657 0.194289 0.118251 0.195847 0.654576 1.391145 1.110432 -0.777359 -0.631891 -0.033879 -0.889009 1.922121 1.230371 0.428040 -1.593759 -0.786840 -0.438402 0.406150 0.564804 -0.882329 -0.190373 -0.318070 -0.127733 0.604350 0.232828 0.123588 -0.364806 1.911239 0.211658 0.551355 -0.649380 -1.126148 -0.527327 -0.649770 0.740002 0.161364 0.286358 0.362382 -0.852756 -0.527935 0.918010 -0.288868 0.561645 0.406820 0.242941 1.413393 -0.467021 2.080879 0.905200 0.285958 1.361576 -1.295764 -0.119899 -0.548428 0.153564 0.188207 0.286290 0.680943 0.242631 -0.608736 -1.664940 0.338993 0.318066 -1.742370 -0.017826 0.752438 -0.130551 0.734530 -0.192177 0.056199 -0.060812 -0.305028 -0.115321 0.218476 0.749058 -0.158187 -0.257921 0.434698 -0.219875 -6.008315 -0.165398 -0.319149 0.163516 -0.120290 -0.187851 0.888368 0.664399 0.579093 -0.398486 0.171669 -0.357029 0.528802 0.446504 -0.336117 0.754819 -0.147534 -0.549061 -1.353320 0.474224 -0.050985 -0.383126 -0.960554 -0.872295 0.742222 -0.339685 0.247461 0.221291 -0.210708 0.233444 -0.483016 0.471494 -0.164664 -0.145821 -0.587722 0.923263 -0.673036 -0.265434 -0.338349 -0.734530 -0.210600 -1.116490 -1.214684 1.225622 -0.931983 -0.417910 0.583205 -0.854463 2.758635 2.235695 0.476751 -0.843043 -0.210826 0.976390 1.101356 0.731880 0.337535 -1.563583 -0.603465 -0.046264 -1.355062 1.895802 -1.356723 0.566026 -1.409716 0.553441 -1.275995 0.783968 0.616370 0.106952 -1.029548 1.057009 -2.843350 -0.663333 0.097032 0.700670 0.034477 0.498470 0.977735 -0.301133 1.479970 0.028787 0.308304 -0.971899 0.101139 -1.162897 -1.143661 -0.940718 0.303810 -0.129650 0.008897 -0.432884 0.707828 0.210039 0.334734 -0.744550 -0.711926 0.053097 0.605782 -0.349875 -0.131301 -0.099472 1.520544 0.215531 -0.023105 1.034278 0.316873 -0.826079 0.844775 -1.963540 -1.128644 -0.348893 1.906400 -0.222662 -0.190499 0.039123 0.794163 -0.364803 -2.157986 0.706202 -0.548161 -1.070945 -0.996835 0.517105 0.758336 -0.987747 -0.848844 -0.951993 -1.720678 0.995858 0.214313 -1.093178 -0.288072 -0.356617 -2.174658 -1.788302 -0.720264 -0.964527 -1.112439 0.544297 0.246358 -0.713588 -0.191420 0.589548 -0.048965 0.750109 -0.542472 -0.228498 0.459635 0.801084 -0.083504 0.329970 -0.165398 -5.537758 0.602603 0.154538 -0.073571 0.331601 0.219693 0.058084 -0.093038 -0.560036 0.232812 -0.474952 0.043912 0.542305 0.106258 0.178853 0.111414 0.291269 0.323980 0.460467 -0.191870 -0.602058 -0.499517 0.091513 0.007258 0.338479 1.090293 1.002217 -0.038669 0.265213 0.027099 0.351945 0.211605 0.169785 0.045883 -0.238034 0.457696 0.597446 0.391497 -0.246358 -0.797015 -0.565516 1.092143 -0.785225 0.237462 -1.133098 0.176975 0.271522 -0.614405 2.594207 -1.260655 1.647086 -0.968226 0.586734 0.156568 0.614081 0.240673 1.162080 0.941151 -0.666451 -0.552625 0.182456 1.568963 -0.073818 1.602378 -1.494014 -0.335130 -0.483670 0.563328 -0.941679 0.102738 -1.659467 -0.288360 0.171762 0.887561 -0.248035 1.549696 0.641353 -0.126898 -0.548649 0.852021 1.321557 -0.199525 0.445277 0.494839 1.557447 -1.201648 0.669579 -0.762910 0.730043 0.718355 -0.179202 2.045737 0.039988 -0.219745 1.031822 -0.106553 1.155712 -0.853868 2.153264 2.327475 2.405396 -1.303387 -0.734784 -1.042263 -0.329856 1.403737 -1.064884 2.076742 -1.398088 -0.593059 -0.662455 -1.010863 0.039305 0.032110 -0.009664 0.347962 -2.262000 -0.915429 -0.760129 -1.167277 0.999777 -0.481736 -0.615257 -0.222334 1.041145 -0.850954 0.658783 1.142338 0.942481 -0.839534 0.150997 0.381860 -1.235941 0.661968 0.028438 -0.502583 -0.868366 2.435566 -0.705560 0.535233 -0.500518 -0.172387 -0.718761 1.183740 -0.653626 0.631952 0.023923 0.052250 -0.677558 0.177290 -0.574912 -0.319149 0.602603 -5.753147 -0.536394 1.175942 -0.627343 -0.546039 -0.247690 0.313721 0.681987 0.750563 -0.306966 0.074437 -0.008979 0.309171 0.392776 0.185082 0.164255 -0.584674 -0.212638 0.384284 0.815483 -1.327681 -0.089936 -0.219449 -0.453714 0.056436 0.356518 0.671012 0.286017 -0.808499 0.122427 0.476003 -0.691006 -0.874869 0.064985 -0.103864 -0.742001 0.083459 -0.535233 0.156284 -0.249843 1.351314 1.088302 -0.442313 -0.543284 -0.766642 0.807560 0.343638 -0.842247 -0.882645 2.326471 -0.927038 -1.338294 -0.230240 -0.104288 -2.061866 2.450550 -0.216241 -0.103703 -2.636050 -1.791135 0.516466 0.656225 -0.157423 -0.212476 1.469073 0.443026 0.147519 -0.904683 0.101813 0.987230 -1.033977 0.347151 0.739925 -0.655426 0.537961 -0.725545 -0.371710 1.121374 0.464829 -1.967875 0.583047 1.061384 0.905580 0.394885 0.050162 -0.406768 1.089763 1.574344 -1.749040 -0.061574 2.108163 -0.574121 -0.757591 -0.694645 -3.157730 -1.755597 0.394335 0.080500 0.480654 0.390324 1.726603 -0.849062 1.605828 -1.389053 -1.116174 -0.503245 0.055235 0.197323 -0.535981 0.545501 0.378830 0.039100 -0.040190 1.810351 -0.839310 0.540714 -0.585974 0.314794 -0.624678 -0.533795 0.600206 -0.000344 0.571011 0.281691 -0.115279 0.853255 -0.889973 -1.675495 0.844174 -0.245407 -1.366629 -0.953429 0.249292 -1.443475 -1.076106 -0.396085 -2.304095 -0.094719 0.661455 0.167019 -0.337964 0.364698 0.480005 0.054721 -0.243933 0.259871 -0.360392 0.030117 -0.478137 -0.252702 0.163516 0.154538 -0.536394 -6.222480 -0.149958 -0.695021 -0.596156 -0.517729 0.333551 -0.585146 0.177859 0.711089 0.286457 0.719320 1.163631 0.875544 -0.450598 0.294118 -0.355289 -0.032997 0.628824 -0.473398 0.203099 0.845937 -0.869996 -0.575269 -0.415783 -0.365197 -0.563465 0.901462 0.023884 -0.088928 -0.760294 0.051314 -0.181863 0.626641 0.111539 0.228373 -0.241469 -0.661455 -0.083827 0.957176 -0.187014 -0.778226 0.857878 -1.310068 0.724770 0.301775 0.608451 -0.603710 -0.079970 1.043287 0.049306 -0.483579 -0.232272 -0.468199 0.867902 -0.906276 -0.365525 0.246872 1.788334 0.139571 -1.762537 -0.633331 0.397615 0.679925 0.357075 -0.053982 -0.207300 -0.010929 -0.033595 -0.992742 -0.190589 -0.470090 0.628754 -1.731445 -0.535477 0.329786 0.683840 -1.425605 1.173705 -1.250450 -1.292624 -1.151251 0.431093 0.940895 1.174136 2.472998 -0.293131 0.312153 2.480426 1.366223 -0.064205 0.925654 -0.341599 0.483150 -0.302525 -0.922671 0.578977 -0.641910 0.320039 0.237301 -0.435038 0.027215 2.536956 1.345296 -0.528404 -1.765322 0.799418 -0.324429 0.645098 -0.418633 2.472800 -1.480057 -0.173956 0.578450 0.659206 -0.965419 -1.183919 -0.430315 0.619305 0.792570 0.168945 -0.129518 -0.671445 -1.171937 -0.000083 -0.416839 1.909781 -0.768896 -2.160690 -0.262777 0.938522 0.347418 -1.494784 -0.010052 1.530339 -0.473589 -0.192837 0.785586 0.072794 0.151935 0.397012 0.293952 -0.124092 -0.233418 -0.134451 -0.393440 -0.152278 -0.021612 -0.042668 0.103288 -0.120290 -0.073571 1.175942 -0.149958 -6.010166 0.464687 -0.628975 0.672282 -0.076696 -0.673905 -0.407761 -0.042187 0.471398 0.168707 0.827559 0.779384 -1.313174 -0.218822 -0.041089 0.092591 -0.544514 -0.168065 0.660952 -0.128749 0.714703 0.494431 0.156124 -0.276464 0.618559 -0.041084 0.498875 0.116010 -0.049713 0.181396 0.013381 -0.521915 -0.018646 -0.260125 -1.168781 -0.072794 -3.910819 0.782495 0.113269 2.119460 -1.018815 -2.154160 -0.357582 0.091475 -1.401894 -0.527925 0.183501 -0.097097 0.526541 -0.749599 -0.390316 0.818743 0.234283 -2.260489 0.373640 -0.279637 -0.211698 -0.727809 0.315257 -1.058384 0.557102 0.417399 -0.019133 -1.420425 -0.763575 -0.630047 -2.342937 0.490189 0.050039 -1.172177 -0.390698 -0.980908 -1.209688 -0.669162 0.913184 0.718782 1.398470 0.187162 0.308808 -0.605714 -0.359951 1.531308 -1.424337 -0.554253 -1.751769 0.919953 1.456595 0.003185 -0.200769 -0.426657 0.213261 0.306180 -2.031806 0.614395 -1.148550 0.109519 -0.498093 1.191393 1.597426 -0.228503 0.786076 -1.610545 0.245193 0.214043 1.856687 -0.351914 -0.336068 -0.487587 0.666809 0.866462 -0.867043 -0.825216 0.990116 -0.117512 0.351167 1.886540 0.125852 0.986967 -1.083895 0.573561 0.836967 1.224911 1.272484 0.703034 1.001639 0.276778 1.281666 0.183685 -0.194518 0.481082 -0.041253 0.846708 1.072256 1.975859 -0.134987 -1.465074 0.449559 0.157167 0.083564 0.160015 0.640021 0.228992 -0.483273 -0.231745 0.809012 -0.438926 0.318575 0.616484 -0.187851 0.331601 -0.627343 -0.695021 0.464687 -5.727701 -0.377415 0.890747 0.138564 0.874547 -0.041909 0.648993 -0.926674 -0.881239 0.326764 0.479059 0.430503 0.025559 0.208819 0.753193 -0.114690 0.529261 -0.362920 -0.563974 0.182863 -0.623088 0.397065 -0.706946 1.061781 -0.484736 -0.730901 -0.785556 0.349794 0.504128 0.345572 -0.138156 1.021110 0.707386 -0.146452 -0.449559 0.751905 -0.151104 0.974226 0.341485 -0.118281 -0.623042 0.953372 0.406453 0.136955 -0.277464 -0.894796 1.634623 -0.610304 -0.279043 3.596725 0.778687 -1.168428 2.465397 -0.769206 0.556702 0.138749 0.771305 -0.886563 -0.878421 -1.079701 0.032441 -1.996986 -0.555104 -0.961583 1.555005 0.047736 -0.418638 0.272203 -0.384477 -0.979202 -0.199421 -0.728150 0.719125 0.655249 0.600870 0.331152 -0.665760 0.480514 -0.172764 0.145458 0.218345 0.037778 -0.331986 0.174093 -1.355212 -0.265826 0.131981 -1.099851 1.404486 1.084261 0.070004 0.272570 2.025221 0.048057 1.011224 -0.216043 -0.792772 -1.296120 -0.438540 -0.967153 -0.989203 -0.407230 -0.780515 1.532449 0.749426 0.686554 0.188675 0.717650 1.730950 0.444542 -0.353868 -0.957680 -1.232222 -0.640950 -0.044122 0.037126 1.176257 -0.797433 -1.285894 0.198798 1.198738 0.773702 -1.451493 -0.796615 1.523251 -0.311292 -0.312778 -0.295343 -0.963859 -0.177285 -1.293535 -1.199159 -2.110864 1.252469 -0.214405 0.745213 -0.532711 0.502278 -0.911906 -0.172582 -0.386903 0.884169 0.392849 0.121273 -0.213690 -0.389518 0.724546 0.888368 0.219693 -0.546039 -0.596156 -0.628975 -0.377415 -7.306955 -0.645748 0.428944 0.207137 -0.751798 -0.580179 -0.269662 -0.861537 0.552434 -0.210654 0.032077 -0.332122 -0.467678 0.390239 -0.000861 -0.592488 -0.628052 0.257047 0.123534 -0.526709 -0.568322 -0.198304 0.514986 -0.196679 -0.469742 0.330016 -0.308977 -0.240599 0.474673 1.275199 0.606347 1.224669 -0.379369 -0.745213 0.284769 0.843760 0.729500 -0.583423 -0.164105 0.887431 1.692811 -0.460537 -0.730036 -1.411575 -1.164373 -0.371226 -0.162678 -0.144251 -0.400750 -0.358269 -0.622268 0.408086 -0.095803 -0.042427 0.147975 -0.945597 2.056005 0.540554 -2.023475 -0.322501 2.392600 -1.162409 1.391526 -0.513686 -0.716174 -0.430269 -0.759157 0.007097 0.821007 -0.704581 -0.328195 1.693990 1.562400 -0.688076 0.143350 -2.651315 0.547295 0.178196 0.427253 -0.759860 0.136191 0.693110 1.400254 -0.821144 0.519849 -0.336681 0.624429 -0.429503 0.049382 0.010216 0.127567 -0.951679 2.330734 -1.023313 1.061078 2.203493 0.305550 1.816537 0.330156 0.106929 -0.396942 0.713129 -0.291454 1.007960 -0.431348 -0.049524 0.127489 1.304187 -1.770808 1.073778 -0.001569 -0.290954 -0.676185 0.488466 0.319792 1.138766 -0.681991 0.487509 0.320436 1.216170 -1.159195 0.412118 -1.743491 0.607561 1.023948 -0.611229 -0.262584 -1.577260 0.154689 -0.385058 1.772550 0.161811 1.640291 -0.205090 0.788160 0.028379 -0.533570 -0.765646 -0.480445 0.228218 0.340979 -0.370223 -0.085767 -0.090279 -0.117702 0.036504 0.664399 0.058084 -0.247690 -0.517729 0.672282 0.890747 -0.645748 -5.826395 0.099875 -0.658368 -0.193058 -0.034171 0.646169 -0.118712 -0.070627 -0.399158 1.517243 -0.286729 -0.066883 -0.455018 -0.363901 -0.596601 0.443843 -0.134698 -0.354505 -0.417929 -0.449626 0.094558 -0.423531 0.276860 0.085379 0.258427 -1.072387 -0.155936 -0.529202 0.385223 -0.027872 -0.129600 0.073340 -0.788160 -1.427098 -0.427018 0.486763 -0.752968 -0.473775 -2.202257 1.615369 -0.437869 -0.133412 0.670975 -0.256796 -0.616894 1.331064 1.771055 0.004743 -0.753299 -1.068314 -0.482496 -0.537758 -0.237756 -0.416766 -0.085957 -0.051330 -0.519244 1.100334 1.062783 0.657320 -0.299714 0.731167 1.181194 -0.902294 1.230487 0.127942 0.366098 -1.060103 0.705523 -0.181324 0.734328 -0.549809 -0.227199 -0.264446 -0.361704 -1.069620 -0.857427 0.116716 -0.538617 1.749759 0.266038 -0.330023 -0.525273 -0.275039 -0.115122 -0.407860 1.206271 -0.137112 2.310699 0.859842 1.171947 0.625840 1.311392 1.405543 -1.295123 -1.440956 -0.997554 0.713165 -0.648616 -0.240434 -0.846176 -1.984718 -1.265008 -1.741366 -0.280495 -1.473422 -0.697351 -0.101997 0.013227 0.215023 -0.958600 -0.587327 1.040530 -0.111326 0.213651 -1.915692 1.313600 0.693791 -0.161461 1.499115 -0.000229 -0.695675 0.411531 1.427467 0.523406 -0.015708 -1.869691 -2.120627 1.115891 1.439629 -0.664973 -0.580539 1.860178 0.606355 -0.165824 0.159934 -0.219684 0.465657 0.331939 -0.019265 -1.121828 0.748853 -0.025538 0.424510 -0.005646 0.579093 -0.093038 0.313721 0.333551 -0.076696 0.138564 0.428944 0.099875 -7.289565 0.419477 -0.471275 0.390972 0.081963 0.210523 0.162449 0.053025 0.557079 -0.264687 0.177532 0.605852 0.224105 0.405521 0.059223 0.011981 -0.061930 -0.675736 0.194229 1.070389 0.078735 0.709848 0.304017 -0.322106 0.341519 -0.256388 -0.929326 -0.616320 -0.088841 0.371584 0.079384 -0.606355 0.055652 -1.537922 0.202445 0.023475 -0.007168 -0.397967 1.440482 0.000586 1.024554 1.997315 0.147248 -1.282324 0.658839 0.901171 -1.696692 -2.246602 -0.778710 -0.327675 -1.070350 0.222552 -1.364021 1.086293 -1.061908 0.842176 0.045449 1.492981 -2.064274 -1.006862 0.530798 -1.553870 0.070587 -0.434665 -2.113195 0.720858 0.538440 -1.058432 0.008128 0.652473 -1.225930 -0.376867 -0.478395 -0.774925 1.735368 1.139891 0.437717 0.686209 -0.301288 -1.905190 0.393492 0.521189 0.215370 -0.573370 -0.304358 0.568128 0.000259 1.852018 -0.470568 0.568805 -1.075362 0.322163 -0.023140 0.210205 -0.530715 0.251479 -0.171134 -0.068521 -0.607800 -0.280665 1.010809 0.465139 1.073018 -1.248362 0.509233 -0.960463 -0.202046 -0.648363 1.668390 -1.466496 -0.116392 1.007790 2.593134 0.957207 -0.779030 -0.795781 -1.667704 -0.520734 0.099489 1.214996 0.443695 0.836031 0.566486 0.194872 -0.265750 -0.561772 -0.973414 0.658975 1.593130 0.377389 0.933724 -0.571463 0.005935 0.187493 -0.720639 0.302973 0.366192 -0.077753 0.728818 -0.156665 0.192059 0.462542 -0.148568 -0.628524 -0.398486 -0.560036 0.681987 -0.585146 -0.673905 0.874547 0.207137 -0.658368 0.419477 -6.647911 -0.021668 0.770751 0.654684 -0.106905 -0.238856 0.760823 0.063193 -0.053091 0.056578 -0.221734 -0.077951 -0.153942 0.513134 0.664657 -0.004382 -0.232896 -0.650135 -0.439686 -0.142523 0.025951 -0.862412 -0.064721 -0.532342 -1.044941 -0.625535 0.369104 0.487267 -0.159499 -1.008400 -0.005935 -1.147190 -0.438889 -0.236367 1.305018 1.690789 -1.523177 -0.682787 0.292214 -0.060854 0.198651 0.790887 -0.157253 0.239424 1.036271 2.149878 -1.345116 1.400888 -0.836228 1.495996 0.105435 0.735295 1.635898 0.454842 -0.600519 0.734175 1.229924 0.573089 -0.671678 -3.299386 -0.657700 -0.331874 1.221115 0.055976 -1.226519 0.275304 1.753126 0.500069 0.578274 0.440302 0.108526 1.429009 0.025452 1.137750 1.545591 1.114568 1.191728 1.650351 -0.638455 0.452912 1.402383 0.136021 0.404750 -1.345309 0.735792 0.983087 0.309568 -1.052594 1.320187 -0.225795 -0.803376 -0.639390 0.747634 0.034517 1.107619 1.361877 -0.293707 -0.919786 -0.116506 -0.167633 0.068111 0.653195 -0.690797 -0.679876 -1.300913 1.310626 -0.878848 1.061128 -1.400314 0.106741 0.969706 -3.639711 -0.034579 0.775799 -0.139793 -1.272346 1.793872 -0.239656 -0.858458 0.803377 0.276284 -0.059876 -0.400669 0.811943 -0.880470 -0.484924 0.687456 0.316603 1.696891 0.722703 0.817988 0.755450 -1.106507 0.004942 -0.687166 0.344891 -0.435930 -0.735195 0.299890 0.140890 -0.701343 0.842537 0.299914 0.171669 0.232812 0.750563 0.177859 -0.407761 -0.041909 -0.751798 -0.193058 -0.471275 -0.021668 -6.489700 -0.031274 -0.324961 -0.492603 -1.431433 -0.006567 -0.189216 0.187408 0.472983 0.061126 -0.176179 -0.290233 -0.226128 0.391541 -0.419865 0.187723 -0.384460 -0.437059 0.243825 -0.335565 0.916157 -0.504090 0.582505 -0.138668 0.112246 0.515559 -0.546445 -0.223327 -0.496999 -0.755450 0.657679 0.154485 0.919552 -0.832113 -0.689035 -0.228114 0.238226 1.634966 -1.327886 0.610922 0.539815 -0.035259 -0.508550 -1.347239 0.970838 -0.468585 -0.165479 0.342731 1.647320 0.879280 -0.165485 -0.409123 0.234367 0.235125 1.788936 0.908760 0.736844 0.021037 -0.579379 -0.534843 -1.079349 0.680498 0.591085 0.976471 0.622774 0.441114 -1.064522 1.637233 -1.055135 0.598215 -1.675601 -2.113626 0.086283 -0.009705 -1.236966 -0.068421 1.412385 -1.313659 0.540055 -1.028010 0.352166 -0.153712 0.904353 1.386775 0.370921 0.670055 -1.065046 1.391028 -0.692505 -0.208357 -1.027251 0.327859 -0.747303 0.172322 0.957910 -0.222787 0.592590 -0.246045 -0.307114 -1.260122 0.247714 0.522475 -1.542824 0.067918 -0.060899 1.559649 -0.348957 -0.310287 -1.417154 -0.357189 -1.383991 -1.268807 0.858947 0.402983 0.759046 -0.216909 -0.577706 -3.995262 0.216243 0.153541 -1.167614 0.358365 0.214211 0.682054 0.464266 -0.208652 -0.376575 1.086281 1.593676 1.787845 0.855318 -0.350703 0.302401 0.316398 -0.862378 0.543974 -0.256528 -0.287941 -0.896369 0.564706 0.537891 0.872740 -0.357029 -0.474952 -0.306966 0.711089 -0.042187 0.648993 -0.580179 -0.034171 0.390972 0.770751 -0.031274 -6.278635 -0.578751 0.374404 -0.001774 1.415964 0.374658 0.579899 0.715126 -0.316952 0.088553 0.191815 -0.160067 1.098604 0.209622 0.033334 0.847599 -0.263216 -1.258909 -0.378902 -0.285591 -0.340079 -1.043127 1.281124 -0.410343 -0.328270 1.073907 0.003178 -0.547083 -0.855318 1.150674 1.749995 -0.027144 -0.439511 -1.942497 1.006194 1.201177 -1.057115 -1.205640 -0.381389 0.828526 -0.873417 -0.237196 0.466165 -0.826557 1.055722 -0.198054 1.267035 0.157281 -0.867433 1.930711 1.155300 0.211749 -1.221321 0.566994 0.890593 -0.394355 0.027378 2.521367 -0.333786 0.059121 -1.456957 0.199843 0.227243 -2.024473 1.316201 -0.062891 0.066471 -1.162082 -1.736493 0.135548 0.502699 -0.699521 -0.637493 0.233179 1.085828 1.929343 0.596284 -0.270251 0.128545 1.384408 0.351774 -0.839674 -0.182690 0.362753 -1.666293 -1.694218 -1.517094 0.856278 -2.029090 -1.478135 -1.030839 -0.095281 2.038687 -0.903458 -1.196330 -1.112033 -0.533032 1.061618 0.426994 1.103635 1.565231 0.748609 0.375591 1.248504 -1.608294 2.214153 0.418441 1.424423 0.612347 1.052863 0.217818 -0.175831 -0.280187 -0.168615 0.602706 1.592802 0.910748 -0.106843 -0.666579 -0.873282 -0.092988 0.310175 -0.800322 -0.009059 0.214297 -0.156632 -0.110795 -0.485236 0.265474 0.329070 -1.083179 -0.129220 0.196330 -0.663702 0.989280 0.087089 -1.210702 1.345993 0.370268 -0.759006 0.018366 0.528802 0.043912 0.074437 0.286457 0.471398 -0.926674 -0.269662 0.646169 0.081963 0.654684 -0.324961 -0.578751 -6.003504 0.269825 0.205396 -0.398210 -0.783631 0.288927 0.108420 -0.421794 0.697866 0.197242 -0.098634 -0.812721 -0.144055 -0.328907 0.418109 -0.054313 0.110782 -0.023619 0.054510 0.918649 -0.028162 -0.497827 0.485642 -0.349547 -0.119938 0.799956 -0.045639 -0.329070 -1.098965 0.756531 -0.477353 -0.362666 -0.733762 -1.729319 0.917730 -1.043295 0.133908 -0.393956 -0.694963 0.051119 0.974566 -0.983041 -0.814681 -1.068174 -0.240623 0.128381 -1.982253 -0.326413 1.047275 -1.094078 0.036854 0.690373 0.532559 0.103955 2.003607 -1.078958 -0.142552 1.943993 -0.144815 0.957295 0.216538 1.207778 -0.513351 0.612950 0.067497 -0.006899 0.573949 -0.500026 1.721515 -0.080902 -0.735831 0.001021 0.204372 0.173099 0.028149 0.401357 0.444600 0.281592 -1.119835 -0.860637 0.364387 1.137559 0.086582 0.983750 1.443619 0.083766 -0.187115 -0.081395 0.933434 1.048001 1.430785 -1.272397 0.114346 -0.310335 -1.239335 -0.047575 3.473098 1.759452 0.261039 -1.186649 -1.045185 0.408371 -0.048062 0.814866 0.987893 -0.798590 1.258368 1.029992 1.277874 0.667277 -1.424282 0.180235 0.506695 0.512850 -0.572618 -0.977423 -0.240604 -1.125148 -0.678930 1.556642 1.304957 -1.254838 -1.236157 -0.761427 0.511770 -1.540277 1.545886 -0.386250 0.687006 1.306100 -0.345200 -0.707197 0.988140 -0.424178 0.179714 -0.041290 0.281170 0.068322 0.011513 -0.507359 0.446504 0.542305 -0.008979 0.719320 0.168707 -0.881239 -0.861537 -0.118712 0.210523 -0.106905 -0.492603 0.374404 0.269825 -6.080977 -0.620538 0.671047 -0.448230 0.197909 -0.275071 0.203960 0.808343 0.356662 0.472709 0.460047 -0.068607 -0.016078 -0.379410 0.482633 1.130154 0.111161 -0.622631 0.288195 -0.635066 -0.284893 -0.272054 0.031882 0.136717 0.321088 -0.019255 -0.687006 0.069943 -0.237371 0.277157 -0.082705 -0.999091 0.061631 0.375372 0.341787 1.456701 0.623514 1.006759 -0.369615 0.225414 0.764069 -2.366178 -1.609759 -0.362497 0.557296 1.132582 0.113668 0.553640 1.082815 -0.467335 0.351564 0.080850 -0.414346 -1.380032 0.582032 -0.298853 -1.562244 -0.674847 -1.090646 -0.106456 1.386541 0.074478 0.576856 -1.060108 1.477783 1.076781 2.047950 -0.464296 -0.875192 0.829772 0.461438 -0.940832 0.535146 2.402824 0.429402 -0.476486 -0.747799 0.940737 -2.340293 -0.058563 0.143503 -0.476958 0.882376 0.201902 -0.739250 -1.595650 -0.725702 1.428974 -0.037885 -1.491549 0.531714 -0.280207 -0.679523 1.682574 -0.368214 -0.792939 0.540801 -0.086575 0.435963 -0.606089 -1.017582 -2.165717 -0.527059 1.271517 -1.162375 -0.815568 -0.846666 -0.126708 -0.041684 0.309045 1.403526 2.983558 -0.659708 0.879624 -2.348541 -0.536274 0.921970 -0.510661 -1.149469 -0.747741 0.573248 -0.296994 0.863516 0.738302 -0.617235 -0.107403 -0.698449 0.501762 1.084904 0.310540 -0.110922 -0.283189 -0.102612 0.428710 0.606719 0.336519 -1.902544 0.201627 -0.080417 -0.336117 0.106258 0.309171 1.163631 0.827559 0.326764 0.552434 -0.070627 0.162449 -0.238856 -1.431433 -0.001774 0.205396 -0.620538 -6.495565 -0.387130 0.499434 0.703289 0.747419 0.391269 -0.627092 -0.599208 0.576614 0.053552 0.020482 -0.286082 0.758778 0.058049 0.501125 -1.339168 0.667857 0.239292 0.698512 0.374588 -0.633745 -0.272200 0.159334 0.611326 -0.099662 -0.501762 0.193336 1.030271 0.651076 -1.277231 -0.725646 1.462754 1.787583 2.107630 0.598577 -1.215876 -0.148713 0.070553 0.243320 -0.474899 0.025965 0.795689 0.735812 0.223442 0.496933 0.086309 -0.814537 -2.585501 -1.696330 -0.238622 -0.502435 -1.724527 0.895096 -0.345903 0.591003 0.502367 -0.585376 -0.637105 0.091076 2.430589 0.929610 1.193500 0.360259 -0.496985 0.761354 0.398349 0.613130 0.155275 -1.354381 1.441742 2.398847 0.712536 0.734759 1.355386 -0.161642 -1.071417 0.292340 0.437477 -0.582248 -0.750969 -1.140781 0.490545 -1.132767 1.324128 -0.261574 -0.307983 -0.414989 0.105298 -0.158281 1.111244 -0.250119 -0.209393 -0.353591 -1.010989 0.798763 0.217686 -1.291941 -1.157606 -0.431897 -0.753477 -0.475214 -0.387368 -0.666511 -0.461765 -0.086074 -0.477385 -0.112659 -0.325354 -0.968550 1.366905 -2.018449 0.311856 -0.641718 -0.779274 -1.668350 -0.279719 3.145610 -0.017947 1.057747 0.143227 0.782574 0.408361 -1.656869 -0.280472 -0.294208 0.307920 0.116081 0.195172 -0.135619 -0.926860 0.379949 -1.077346 -0.447010 0.874269 0.556901 -1.110888 0.280557 0.574358 0.754819 0.178853 0.392776 0.875544 0.779384 0.479059 -0.210654 -0.399158 0.053025 0.760823 -0.006567 1.415964 -0.398210 0.671047 -0.387130 -6.352195 -0.383728 0.225705 -0.701683 0.077936 0.038120 -0.372280 -0.120183 0.047259 0.199672 -0.410585 0.830729 0.477109 -0.408120 -0.163718 -0.031642 -0.699051 0.422294 -0.121183 -0.495657 0.368767 -0.515558 -0.986069 0.512066 -0.116081 -1.965084 1.034946 -0.365317 -1.726874 -0.742684 0.395769 -0.981249 0.017899 0.194998 0.621047 0.415304 0.324232 -1.045417 -0.155562 0.008763 -1.307012 -1.980053 1.197030 -0.677083 0.564384 0.181190 -0.228344 -0.344227 -0.700680 -0.983528 -0.278757 0.399673 1.199066 1.097482 -1.128950 1.054624 -1.089869 -1.477881 0.814451 -0.082627 0.734608 0.062015 -0.201039 0.854159 -0.752345 -1.949435 -1.551461 -1.574944 -1.113855 0.787206 0.336401 0.198068 1.464778 -0.144989 -1.727258 0.885585 -0.202937 -0.087131 0.379506 -1.010061 1.839119 -0.117208 0.264930 0.009736 1.281239 -0.780042 1.253258 -0.460463 -0.200638 0.971983 -0.281444 -0.267308 -1.600352 1.414378 0.917207 0.316569 -0.268565 0.132549 1.755987 -1.188680 0.141905 0.956679 -0.576783 1.142453 -0.995262 -0.254071 -0.449719 -1.133673 -1.225761 0.500634 -0.793964 0.205357 -0.904331 0.367988 -0.588476 -0.959999 -0.369811 0.738917 -0.857381 0.115706 1.303263 0.384169 -0.978289 0.175970 0.830679 0.971393 -0.044288 -0.460490 0.050201 0.298450 0.173791 -0.251188 -0.139988 -0.358255 -0.350707 0.136997 -0.189573 -0.147534 0.111414 0.185082 -0.450598 -1.313174 0.430503 0.032077 1.517243 0.557079 0.063193 -0.189216 0.374658 -0.783631 -0.448230 0.499434 -0.383728 -4.625548 0.298342 -0.152830 -0.236772 -0.961857 0.202988 -0.217315 0.067234 0.116133 -0.019561 0.629961 1.001014 -1.233762 0.521541 -0.163017 0.339869 0.530012 -0.730738 0.293319 0.714474 -0.297070 0.038227 -0.019427 -0.971393 -0.197843 -0.652847 0.224022 0.214194 -0.994712 -0.178034 0.236686 0.541383 1.070935 -0.225264 -0.843797 0.223304 -0.976723 -0.109107 0.059247 1.429295 -1.138583 0.412894 -2.096501 -0.115086 -1.198863 0.936739 -0.759836 0.181257 -0.610157 -0.457314 -0.724527 -0.066865 0.084154 0.314615 -0.065744 -1.905369 0.606134 -0.771227 1.010632 0.724046 0.776140 0.384132 1.242682 0.091547 -0.673644 0.072590 0.121042 1.200727 1.382403 -0.164383 0.980806 1.037466 -1.111072 0.112741 -1.125387 0.475344 -0.390604 0.005292 -0.825022 -0.664618 0.332233 0.438611 -1.735691 1.165088 -0.028146 -0.513825 0.032074 1.644795 -1.233098 -0.564982 0.585917 1.008356 0.677149 0.223735 0.077568 -1.844679 0.822412 0.734100 0.705966 0.580968 2.261442 0.477540 0.168119 0.601093 -0.748279 -0.589418 -1.113696 -0.068986 3.380740 -0.828108 -0.914388 -1.009464 0.175673 0.463051 0.180073 0.620195 0.458721 -0.126897 0.276502 -0.359881 0.005395 -0.492069 2.007154 -0.708306 0.201734 0.881335 0.659104 -0.729049 -0.007440 -0.051139 -0.107065 0.431069 0.306936 -0.143459 0.620454 0.533774 -0.549061 0.291269 0.164255 0.294118 -0.218822 0.025559 -0.332122 -0.286729 -0.264687 -0.053091 0.187408 0.579899 0.288927 0.197909 0.703289 0.225705 0.298342 -5.988010 -0.490849 -0.028440 -0.978808 -0.418330 -0.612615 -0.625173 0.583564 0.209411 0.245845 -0.575593 -0.566414 -0.210079 0.260381 -0.539336 -0.329665 -1.279022 0.906246 -0.299108 0.142047 0.473854 0.072535 -0.201734 0.306137 0.849796 -3.425903 -1.344643 0.894922 -0.209882 -2.249220 0.808996 0.148713 -0.600573 0.330306 0.199840 0.461069 0.173324 1.206496 0.371844 0.604765 0.216836 -0.908156 0.676338 -0.344962 -1.125367 0.150355 -1.795170 -0.780114 0.527355 -1.866857 0.817994 -0.878540 -0.259084 -1.169384 1.569996 -1.039735 0.783815 -0.028718 0.044496 0.521424 -0.207310 -1.926459 -1.343249 -0.087683 0.404334 1.107150 -0.793290 1.732207 -1.559595 0.812174 -0.230611 -0.453429 -0.013970 -0.735294 -1.289029 -0.402810 -0.699868 0.070215 -0.730520 1.917527 0.326846 0.358552 -0.314812 0.641270 -0.221816 -0.005480 0.591243 0.987301 -0.486301 0.088010 0.893352 -0.730230 -1.660943 0.581905 -1.165524 0.015023 -0.719535 -0.294907 0.595508 1.526932 0.103415 1.653303 -0.393506 0.195413 -1.101549 -0.325420 -0.724750 0.342178 -0.589378 0.528182 2.443591 0.199024 -0.169501 -1.116297 -1.909645 0.186419 0.802164 0.020449 -0.935184 0.126070 -0.356346 0.747281 1.548857 0.539542 -0.049885 0.401335 -0.782204 -0.110617 -0.860254 -0.139780 -0.084858 0.088866 -0.395364 -0.036065 0.251387 -1.353320 0.323980 -0.584674 -0.355289 -0.041089 0.208819 -0.467678 -0.066883 0.177532 0.056578 0.472983 0.715126 0.108420 -0.275071 0.747419 -0.701683 -0.152830 -0.490849 -6.961495 0.399088 -0.238982 0.790214 -0.226224 0.992794 0.511692 -0.130778 -0.781278 0.030073 -1.124714 0.917268 0.699598 -0.071800 -0.550352 0.314055 0.373126 0.390674 -0.243063 0.383872 0.506921 -0.539542 0.957212 -0.894800 1.308940 -0.883307 -0.214297 -1.086846 0.345665 -1.250122 -1.045510 -0.964778 -0.157570 1.545423 1.102829 -1.337030 -0.438677 0.942138 -0.329643 1.911051 -0.817586 0.492667 0.195364 -1.554689 -1.890552 0.190014 1.097360 -0.489481 0.030884 1.265567 -0.416592 -0.298143 -0.375350 0.818278 -0.084678 -0.642791 -0.832524 -0.185885 -0.039101 1.357338 0.104216 -0.177744 1.897981 -0.642337 0.815659 0.135575 -0.810369 0.345652 -0.252187 -1.506943 -0.827662 -0.974691 -0.557915 1.210797 0.724063 -2.705272 -0.686101 1.078829 -1.482971 0.958593 0.409420 -0.994439 1.041562 0.367063 -0.529398 -0.112142 -0.943550 -2.005918 0.301427 1.062622 1.314769 -1.085256 1.148420 1.119307 1.240001 1.641572 -0.255527 -0.742601 -0.840828 -0.673445 0.346327 1.122830 -1.060154 -1.096457 1.404593 1.188176 -0.295749 -0.140703 0.880095 0.269441 0.334720 -0.355687 0.883256 0.173614 -0.271976 1.121056 1.768646 -1.082905 -1.459286 0.857503 1.406511 -1.567024 0.080165 -0.353317 -0.165215 0.145424 -0.078093 0.653685 -0.595400 1.013856 -0.396808 -0.640828 -1.046809 0.458663 0.474224 0.460467 -0.212638 -0.032997 0.092591 0.753193 0.390239 -0.455018 0.605852 -0.221734 0.061126 -0.316952 -0.421794 0.203960 0.391269 0.077936 -0.236772 -0.028440 0.399088 -8.020957 -0.168428 0.266159 -0.541796 1.058835 -0.512123 0.557049 0.807254 -0.230034 0.191509 -0.529266 -0.558194 0.910248 -0.240029 0.244085 -0.829353 0.624418 0.757570 0.565996 -0.490912 -0.080165 -0.672412 0.462893 0.072367 0.133872 -1.378347 -1.027967 -1.318256 -0.896657 0.108799 -1.442140 0.641877 0.180725 -0.546060 -0.651312 -0.506669 0.401558 -0.477710 -0.247224 1.244688 0.854270 0.551865 -1.167338 0.574367 -1.335445 -0.573048 1.176622 0.278162 -1.957749 0.890615 0.932621 -0.949518 -0.690227 0.335857 0.986731 -1.181756 -0.641988 -1.374981 -0.898997 0.078078 0.422183 0.494457 0.289322 -0.545600 0.971642 -0.973135 -0.692701 0.040344 -0.239148 0.276217 0.119363 2.300669 1.218589 0.571792 -0.056817 1.110561 -0.288262 1.008045 0.228725 0.463788 -2.486914 -1.103804 -0.311036 -0.610284 -0.091909 1.686502 -1.759471 -0.479471 -0.225471 -0.074387 -0.342758 0.737010 -0.775325 -0.113623 -1.382031 0.621336 1.210625 0.313940 0.128240 0.228833 1.373885 0.978847 0.636497 0.000020 -0.364466 0.375685 0.335261 -0.702288 0.638630 -0.880290 -1.413610 0.471493 -1.161183 -2.505901 -0.904112 -0.561531 -0.102057 -2.064025 1.328498 -1.493848 -0.063839 0.324831 -0.946724 0.044399 0.298555 0.370763 0.272519 -0.003867 0.411798 -0.186810 -1.041083 -0.394794 0.388432 -0.050985 -0.191870 0.384284 0.628824 -0.544514 -0.114690 -0.000861 -0.363901 0.224105 -0.077951 -0.176179 0.088553 0.697866 0.808343 -0.627092 0.038120 -0.961857 -0.978808 -0.238982 -0.168428 -5.709659 -1.188006 -0.264139 -0.495059 0.306264 -0.596896 -0.076065 -0.636272 0.731836 -0.555239 -0.407205 -0.371109 0.506312 -0.228090 -0.200920 -0.221802 -0.418333 -0.106943 -0.204186 -0.324831 0.208232 -0.971048 -0.505286 -0.167473 -1.071399 -1.215787 1.329852 -0.420089 0.131885 -0.411955 0.464690 -0.046513 0.049711 -0.359979 0.081675 -1.602102 -0.054648 1.047506 -0.968128 -1.984501 3.455855 -0.401548 -0.310748 -0.658458 -0.057963 0.619889 1.405624 -0.303719 -0.231365 1.574353 1.920301 -0.595746 0.892468 0.422308 0.165662 -0.222500 0.920638 2.178254 0.286309 0.151967 0.492821 -1.051753 -0.934530 0.784430 -0.468752 0.062906 0.686037 -1.131245 -1.657029 -0.260045 -0.730989 -0.574387 1.816568 1.328682 2.200782 -0.021870 -0.561541 -1.232785 -1.209086 -1.968375 0.672704 1.148047 -0.224988 -0.380122 2.638733 0.309321 -1.027611 -1.611214 0.589998 -0.087495 0.275677 -0.802503 1.540407 -0.043856 -0.214483 -0.042434 0.101427 -0.048626 1.273831 0.958334 0.820364 0.485821 0.767144 1.743769 -0.335287 0.121504 0.438280 -1.931439 -0.070606 -0.422831 -1.379142 0.042526 -0.069911 0.341042 1.289333 0.736902 -0.128672 0.533954 -0.525726 0.558320 0.437524 0.363446 0.356897 0.659527 -1.051779 0.189166 -0.063369 0.740159 -0.962851 0.540294 0.263391 1.028598 -0.383126 -0.602058 0.815483 -0.473398 -0.168065 0.529261 -0.592488 -0.596601 0.405521 -0.153942 -0.290233 0.191815 0.197242 0.356662 -0.599208 -0.372280 0.202988 -0.418330 0.790214 0.266159 -1.188006 -6.312824 0.860951 0.306249 -0.338549 -0.276944 -0.023484 -0.031610 0.512928 0.340205 1.023584 -1.209884 -0.321777 0.619005 0.469707 -0.307525 -0.682526 -0.693995 -0.073111 -0.437524 -0.695208 -0.887170 0.757869 -0.171965 0.416758 -0.009979 0.502740 0.980345 0.368269 1.017515 -0.821383 0.573663 2.258000 -0.779741 0.374065 -1.079356 0.344233 -1.318327 0.091275 -1.256548 0.082110 2.449984 1.246163 0.049086 0.406721 1.227689 1.103651 -0.837003 0.378996 1.095850 0.045014 -0.300609 0.344554 -0.403688 -0.231081 1.985966 0.369447 -1.520684 0.056738 0.652500 -1.412304 0.902743 0.807287 2.065866 2.482115 0.996992 -0.116289 2.124903 0.129787 0.153026 0.975953 0.774355 -1.302376 -0.376414 0.772999 -1.005711 0.184033 -0.625329 0.798251 -0.954243 2.134442 -0.958224 -0.503080 0.366317 1.584726 -0.231654 -0.020613 1.893065 2.584037 0.879670 -1.781100 0.448954 2.698768 2.787629 0.473449 -0.652495 -1.079689 -0.767985 0.306609 -0.515139 1.297603 0.924599 -0.247266 0.765221 -0.699391 0.577383 0.711838 -2.560639 -0.022557 0.711843 1.448797 0.280373 -2.151240 0.948149 0.187078 -0.154840 -0.341350 -0.293567 0.068621 0.472095 0.469122 -0.214597 -0.513897 -0.783030 0.771051 -1.081334 -0.435233 -0.185705 1.460584 0.235453 0.518514 0.690994 -0.960554 -0.499517 -1.327681 0.203099 0.660952 -0.362920 -0.628052 0.443843 0.059223 0.513134 -0.226128 -0.160067 -0.098634 0.472709 0.576614 -0.120183 -0.217315 -0.612615 -0.226224 -0.541796 -0.264139 0.860951 -5.596873 0.752701 0.734402 -0.949831 0.254478 -0.285454 0.044253 0.461994 0.271150 -0.174567 0.482693 0.173985 -0.366456 0.835290 0.300902 -0.010353 -0.740255 -0.469122 0.329377 0.117010 1.432700 -0.701885 0.250826 1.173576 -0.037398 -1.677565 -0.742027 2.393586 -1.824794 0.653517 1.105123 -0.075950 0.730765 0.587952 -1.036702 -0.888875 0.106115 -0.390274 0.208491 0.797377 0.414641 1.899242 0.762849 0.314135 -0.827195 0.262663 0.584265 0.405388 -0.428060 -0.728509 -0.334283 0.773803 1.893579 -0.175270 -0.626282 1.176134 1.443623 -1.273041 0.456477 -0.216088 -1.257213 -0.112343 0.035060 0.309661 0.517121 2.187251 0.621460 -1.237102 -0.312169 -0.958868 0.936908 0.460643 -1.113824 0.350321 -0.978901 -1.284151 -0.412911 -0.018260 0.188046 -2.324370 -0.562843 0.987337 -2.069625 -1.439757 -1.165648 0.687049 1.205263 -0.505513 -0.482163 1.498380 2.022345 -0.415735 1.767983 0.887394 0.506792 -1.900663 -1.663719 -2.226482 0.619730 -0.250442 -0.251616 -2.269984 -1.038192 -2.382180 0.090940 0.287803 0.781064 1.802586 -0.073384 0.029259 -0.342256 0.751269 -1.057184 -0.376952 0.132218 -1.120074 0.137815 0.014695 0.540831 -0.804269 -0.131840 0.332219 -0.075654 0.153502 0.307623 -0.826079 0.309654 0.155399 -1.007339 0.902062 -0.872295 0.091513 -0.089936 0.845937 -0.128749 -0.563974 0.257047 -0.134698 0.011981 0.664657 0.391541 1.098604 -0.812721 0.460047 0.053552 0.047259 0.067234 -0.625173 0.992794 1.058835 -0.495059 0.306249 0.752701 -6.963030 -0.774902 0.312753 -0.888061 1.213308 -0.001555 -0.912397 0.202771 -0.409055 0.405641 -0.359651 0.335564 -0.206429 -1.303598 -0.050708 0.252283 -0.540831 -0.818766 -1.058036 -0.117181 -0.444160 0.511583 -0.231075 -0.478852 -1.053638 -0.051625 -0.990595 0.761365 -0.666063 0.637945 0.648717 -0.935701 -0.255464 -0.240837 1.477218 0.141608 1.494179 0.082256 -0.693613 -0.343448 0.237644 -0.420485 0.610237 0.566371 1.431362 -0.128555 -0.546090 -1.078276 0.244814 -1.630055 -0.044941 0.318759 -0.071825 0.177211 -1.569372 1.752876 -1.340112 2.113419 -1.469924 -0.644299 -0.115507 0.213923 0.999475 -0.575575 0.311342 -0.673865 -0.173379 -1.389782 1.062531 -1.165105 0.109175 -0.505075 -0.419073 0.746138 -0.876176 -0.420050 2.028881 -0.129901 0.159622 0.203133 -0.596041 -1.363045 1.199606 -1.679456 -0.377322 1.467374 -0.096757 1.088366 -1.096959 -0.428189 1.054372 0.500929 -0.664858 -2.389474 -0.686194 -1.511736 0.782240 2.530714 -1.426757 -0.938653 1.402999 -1.611092 0.118468 1.544356 0.040505 0.728086 -2.395520 1.745224 -0.533382 -1.026005 -0.409719 0.110149 -2.249641 0.454712 1.115057 0.133460 1.165794 0.742592 0.083666 0.075625 0.343715 0.569342 -0.863646 -0.956218 -0.192778 1.630771 0.250128 0.632544 0.293643 0.742222 0.007258 -0.219449 -0.869996 0.714703 0.182863 0.123534 -0.354505 -0.061930 -0.004382 -0.419865 0.209622 -0.144055 -0.068607 0.020482 0.199672 0.116133 0.583564 0.511692 -0.512123 0.306264 -0.338549 0.734402 -0.774902 -5.082882 0.807281 -0.219338 0.001264 0.096833 -0.601782 0.330110 0.471044 -0.140426 0.547883 -0.771668 0.380656 0.209992 0.385879 0.048941 -0.742592 -1.414615 0.307633 0.201785 -0.099553 -0.369596 0.892505 -0.783407 1.339835 0.701214 -0.082321 -1.774136 0.114808 0.213116 -0.453939 -0.247254 1.550313 -0.122665 1.548649 0.457686 -1.289814 0.540927 -0.567279 0.920463 1.310713 0.301939 -0.519836 0.936778 0.901479 -0.756027 -0.330207 0.567180 0.033422 0.667608 -0.093441 0.328369 0.342931 1.618955 1.161130 0.092693 -0.393200 0.665756 -1.191388 0.880390 0.562589 -0.247429 1.155016 0.570369 1.179053 0.930107 -1.440559 -1.199483 1.699212 0.494588 1.244495 -0.480822 -0.315952 0.876716 0.520093 -0.037825 -0.342733 -1.043979 0.530019 -0.787790 2.347795 0.813644 -0.344402 -0.143503 1.160012 -1.950712 0.527688 -1.003940 -1.585841 0.183661 -0.566691 0.089051 0.675255 -0.669783 0.474246 -0.632539 0.570183 0.515775 0.728209 0.575465 -0.715261 0.404025 1.173785 0.131339 0.100585 -0.519609 0.710228 -0.889567 -0.621809 -0.628168 -0.556526 2.795327 0.971349 -1.038720 -0.081280 1.285301 -1.469431 0.743264 0.320614 -0.221667 -0.288825 0.940278 -0.215661 0.342928 0.113909 -0.605881 -0.284197 0.152703 -0.192734 -0.339685 0.338479 -0.453714 -0.575269 0.494431 -0.623088 -0.526709 -0.417929 -0.675736 -0.232896 0.187723 0.033334 -0.328907 -0.016078 -0.286082 -0.410585 -0.019561 0.209411 -0.130778 0.557049 -0.596896 -0.276944 -0.949831 0.312753 0.807281 -4.234823 -0.396446 0.322331 1.037742 -0.009488 0.123905 0.218960 -0.480346 -0.299771 0.122711 -0.767020 0.469164 0.309299 -0.458206 -0.743264 -1.218188 1.106872 0.324862 0.373208 1.107902 1.418293 -0.594928 1.345871 -0.968700 -0.219470 -0.441156 0.317198 0.362331 1.196097 0.078391 -0.042720 -0.770533 0.738791 -0.026154 0.135932 0.970883 0.237285 -1.143851 -1.677120 0.672794 -0.213650 2.267407 -0.895966 1.313894 0.700467 0.628889 0.370170 -0.054115 -0.535667 -0.376709 0.462485 0.412178 0.445023 2.095471 1.632531 1.337646 1.910237 -0.078322 1.146175 -1.395452 -1.508012 -0.577654 0.206806 -0.521298 1.341646 -0.138016 0.199183 -0.350900 -0.247557 -0.520295 1.363876 -1.299609 0.658250 -1.593686 0.054590 -0.331630 -0.539431 0.324691 -0.048941 -1.757377 0.154798 0.111557 0.311546 -1.323475 0.380283 -0.503052 -0.874045 -2.404895 -0.742525 0.947720 1.294873 -0.522450 -0.622536 -0.644343 0.198827 -0.650631 0.960296 -1.029121 -1.071833 -0.406984 -0.460744 0.320349 -0.767894 0.116300 -2.587137 -0.319314 0.302779 0.662058 -0.259848 -0.006517 -0.829624 -1.504771 -0.468789 -1.075344 -0.405570 0.029905 -0.409317 0.237235 -0.141370 0.328903 0.224637 0.650741 -0.359188 -0.899206 0.243720 0.411372 0.315634 0.247461 1.090293 0.056436 -0.415783 0.156124 0.397065 -0.568322 -0.449626 0.194229 -0.650135 -0.384460 0.847599 0.418109 -0.379410 0.758778 0.830729 0.629961 0.245845 -0.781278 0.807254 -0.076065 -0.023484 0.254478 -0.888061 -0.219338 -0.396446 -6.059422 -0.190626 0.090952 0.622986 0.592175 0.061213 -0.499669 -0.314410 0.014487 0.145642 0.125021 0.073513 -0.048425 -0.029905 -1.128279 -0.766038 -0.462330 -0.937211 1.326962 -0.964977 0.574892 -0.658209 -0.952826 0.891111 1.967410 -1.138882 0.139197 -0.523528 -2.334889 -0.801205 -0.643113 -0.372878 -1.493283 0.703904 0.214551 -0.832991 -0.192604 0.368310 -0.122782 -0.515568 0.449443 2.359890 0.790903 -1.261765 -1.547661 -1.908420 -0.104833 0.637938 -0.955900 -1.511829 -0.841992 0.813068 -1.531336 0.272256 0.552651 2.427784 -0.674678 -0.557086 1.532216 0.733294 -1.384964 -0.207520 -0.112549 -0.325074 -0.322883 -0.280135 -0.351589 -0.422957 -1.056002 0.976158 0.685406 -0.609862 2.169175 -0.062625 -0.298571 -1.484941 0.034840 -1.091531 -0.516048 -0.290639 1.196822 0.055977 -0.215283 1.100619 0.270340 -0.359843 -0.017891 0.327506 -2.008880 -0.624284 0.878678 -2.287766 -0.654690 -0.568648 1.867868 0.236893 1.144805 0.096717 0.538745 0.655202 0.268217 -1.788769 -1.530411 1.237765 0.410537 1.144252 0.178638 -0.908757 0.509460 1.277001 -0.955332 0.066745 0.553777 0.466514 0.620320 0.166486 0.265043 0.035492 1.332766 -0.217757 -0.615137 0.456474 0.355217 0.450715 0.713965 0.159099 0.221291 1.002217 0.356518 -0.365197 -0.276464 -0.706946 -0.198304 0.094558 1.070389 -0.439686 -0.437059 -0.263216 -0.054313 0.482633 0.058049 0.477109 1.001014 -0.575593 0.030073 -0.230034 -0.636272 -0.031610 -0.285454 1.213308 0.001264 0.322331 -0.190626 -5.781343 -0.073970 -0.747378 0.312893 0.443988 -0.755066 -0.402974 -0.106249 1.476186 -0.134459 -0.803003 -0.311063 -0.620320 -1.480096 1.620188 1.099451 -0.058897 -0.041595 -0.142478 1.070842 -2.756059 2.393207 0.422004 -1.005206 0.182889 -0.328460 0.397444 -0.800175 1.200753 1.850904 -0.009430 0.234617 -0.379813 2.841448 1.531340 1.477008 -0.954349 -1.971666 -0.805184 -1.018326 0.537360 1.010059 0.392845 -0.438822 1.684301 -0.480276 1.024592 0.087835 0.806220 0.761740 -0.646554 -0.454605 -1.513234 1.512738 -0.170901 -0.809218 0.195062 -0.263876 -0.203579 -1.253207 0.642258 -0.328536 0.102053 0.937523 -0.200273 -0.153331 -0.588412 -0.149707 1.092233 0.063331 0.392509 0.230140 -0.495177 -0.032044 0.279221 -1.273040 -1.145130 -1.486006 -1.739073 3.076894 -1.196044 -1.330910 0.115850 -2.700010 -1.090019 -0.105809 -0.627828 0.201664 0.312965 -1.253583 0.202579 -1.572430 -1.027608 0.811235 0.540790 -0.169699 1.335399 0.013035 -0.634619 -0.133443 -1.083319 1.262661 0.876250 -0.276244 1.310233 -1.051314 -1.423200 -1.821774 0.315219 -1.204568 0.826825 -2.487831 0.305598 0.723617 -0.616283 1.079006 0.157206 -0.320183 -0.050436 -0.818062 -1.148130 0.009607 1.555236 -0.628019 -0.102683 -0.210708 -0.038669 0.671012 -0.563465 0.618559 1.061781 0.514986 -0.423531 0.078735 -0.142523 0.243825 -1.258909 0.110782 1.130154 0.501125 -0.408120 -1.233762 -0.566414 -1.124714 0.191509 0.731836 0.512928 0.044253 -0.001555 0.096833 1.037742 0.090952 -0.073970 -5.193697 -0.352414 -0.472064 0.036499 -0.802517 0.409177 -0.199705 -0.059605 0.087858 -0.200303 0.369879 -0.723617 -0.098741 -0.929973 -0.236801 1.775913 1.291409 -0.120658 1.016468 1.359177 0.907455 -1.088627 0.068213 -1.731638 0.741752 0.550808 -0.078893 0.450816 0.861757 -0.363325 -0.229829 -0.046499 -0.202849 0.078796 0.493325 -0.999618 -0.409173 0.347399 0.319489 0.183633 1.690395 0.924470 0.619085 -0.366114 0.311523 -0.962620 0.975987 1.285585 1.128002 -0.266885 1.283585 -1.262611 0.019132 -0.790487 0.334413 -0.750878 0.413651 -1.183266 -0.450139 -0.165026 0.797326 -0.052328 0.589396 -1.991436 1.322818 0.401054 -0.082657 0.363397 0.537342 0.195602 -0.173959 -1.282024 0.056357 0.092870 0.943718 -0.068986 0.062789 -0.364906 0.280264 -0.261264 -1.211874 1.333182 -0.384687 0.484394 -1.000948 -0.599778 -1.366296 0.184806 -1.280812 0.681430 -2.145550 -0.672954 1.545218 1.939262 -0.603216 -1.584485 2.032860 1.665533 0.344269 2.507502 -0.479355 1.014594 -0.508157 0.915355 -0.371149 2.795428 -0.006408 -0.119692 -0.611568 0.453286 0.536618 -1.615429 0.838368 0.156556 0.688663 -0.379155 0.149385 0.095292 -0.036808 0.137674 0.324571 -0.149986 -0.284992 -0.153809 0.233444 0.265213 0.286017 0.901462 -0.041084 -0.484736 -0.196679 0.276860 0.709848 0.025951 -0.335565 -0.378902 -0.023619 0.111161 -1.339168 -0.163718 0.521541 -0.210079 0.917268 -0.529266 -0.555239 0.340205 0.461994 -0.912397 -0.601782 -0.009488 0.622986 -0.747378 -0.352414 -6.757605 -0.051260 -0.392785 0.205758 0.374444 -0.506336 0.084905 -0.142234 -0.410223 -0.914471 -0.838368 -0.128959 -0.900143 0.814065 -0.776005 0.168958 0.769591 0.545088 1.793322 0.745780 0.909016 -0.996906 -0.030513 1.581340 0.028392 1.340001 -0.068347 2.697272 -1.036614 0.199142 1.308564 -0.747555 -1.513272 -1.014627 0.116309 -0.521783 1.862747 -0.804979 -1.560181 0.183749 0.997964 0.901705 -1.714754 0.274140 -0.431551 -2.300504 1.583949 -1.369179 0.244080 1.279842 -1.336605 1.969841 -0.966995 0.575549 0.859486 -0.548376 -1.500351 -2.684632 -0.622854 0.182012 -0.398238 -0.295660 -0.063570 -1.626244 0.453506 0.071928 -0.294491 1.727702 0.064744 2.089653 1.759648 -0.289179 -0.222503 2.380473 -1.297559 -0.394121 -0.205299 0.668374 0.500100 0.008637 0.692833 -0.189159 -0.509484 1.466457 1.056113 -0.271405 1.241268 -2.007308 -0.945119 -0.408144 0.357674 -0.685825 -0.045868 1.446414 0.510959 0.650583 -0.622038 -1.099319 0.192276 0.119443 0.746418 0.705199 0.888339 -1.328330 -0.256034 0.854158 0.337824 -1.646292 -0.627632 0.177636 -1.512478 0.454457 -0.710597 -0.150128 0.596296 1.272424 -0.908800 0.164472 0.114153 -0.722052 0.636281 -0.732236 -0.131209 -0.483016 0.027099 -0.808499 0.023884 0.498875 -0.730901 -0.469742 0.085379 0.304017 -0.862412 0.916157 -0.285591 0.054510 -0.622631 0.667857 -0.031642 -0.163017 0.260381 0.699598 -0.558194 -0.407205 1.023584 0.271150 0.202771 0.330110 0.123905 0.592175 0.312893 -0.472064 -0.051260 -5.688755 0.838334 1.125548 -0.960101 0.049007 -0.216655 0.110593 -0.419583 -0.511876 -0.454457 -0.959943 -0.615071 -0.150660 0.295148 0.825563 -0.681333 -0.303474 2.510710 1.764898 0.402223 1.184229 1.084029 0.542732 2.292610 0.107545 -0.491364 0.159717 0.789683 1.655147 -0.784367 -1.590440 -0.842439 0.724744 -0.124658 1.226706 -0.192007 1.350541 0.828113 -0.640749 -0.393203 -0.596787 -0.236885 -0.817505 0.776216 2.008510 0.095833 0.299978 0.369406 -1.396775 0.002466 1.664778 1.306837 -0.848215 -0.212742 0.214709 0.215410 1.555319 0.568196 1.064755 -0.354432 0.166076 -0.327988 0.307162 0.971551 1.192837 0.017639 0.857838 -0.007164 -1.786497 1.997570 -0.420738 0.503747 -0.902251 1.468213 -1.294759 0.767036 0.771474 0.992096 1.189642 0.342540 -0.380120 -0.706506 -1.830155 -0.033920 -0.894470 0.291889 1.223941 -0.683946 0.006084 -0.468900 -0.132996 0.661689 0.539658 0.469796 0.019236 0.156096 0.634140 1.623596 1.200856 -0.850453 -0.285321 -0.726393 -0.677592 2.300071 -0.260138 0.847120 -2.396929 -0.061090 -1.088920 -0.041538 0.065837 0.870517 0.018919 -0.858047 0.120037 0.140691 0.805574 0.203310 -0.116873 0.646880 0.195342 0.597095 0.471494 0.351945 0.122427 -0.088928 0.116010 -0.785556 0.330016 0.258427 -0.322106 -0.064721 -0.504090 -0.340079 0.918649 0.288195 0.239292 -0.699051 0.339869 -0.539336 -0.071800 0.910248 -0.371109 -1.209884 -0.174567 -0.409055 0.471044 0.218960 0.061213 0.443988 0.036499 -0.392785 0.838334 -6.215233 -0.230837 0.211519 0.142861 1.038234 0.005106 0.659841 -0.047061 -0.065837 -0.838269 1.296095 -0.298289 0.849614 0.457917 -1.335321 0.694083 0.792507 -0.421603 0.548002 -1.491795 -1.556140 -0.733146 -0.059057 -0.138086 0.817382 -0.986489 1.198974 -1.131446 -1.387159 1.473701 -0.641847 1.156273 0.497723 0.105444 -0.217840 -0.195543 0.080159 0.564843 0.170648 -0.605759 -0.018246 -0.978754 -0.062559 -1.364042 1.169665 -0.022730 0.763155 -0.297318 -0.425370 -1.173714 -0.991195 1.610012 0.190541 -0.420235 2.385603 0.431165 0.512477 -0.859409 0.015040 0.589843 -0.710861 -1.103500 0.496317 -1.122145 0.488157 -0.767127 1.409851 0.390663 0.955602 -0.610146 -1.160461 0.506630 0.505183 0.888471 1.435472 0.873011 0.401625 -0.351531 -1.638313 0.511884 0.432843 1.038838 0.947796 0.452780 1.174276 0.453238 -2.108190 -1.247124 -0.015225 0.923577 0.479232 1.281908 0.521368 -0.486068 0.376691 -1.207963 0.704498 0.289002 0.419183 0.313986 0.177495 0.194416 0.047099 -2.100536 0.749772 -0.773986 -0.508980 -0.972629 0.188765 0.518218 -0.074261 0.129132 -0.707684 -0.231331 -0.569625 -0.204243 -0.553017 0.043889 0.385959 0.871544 -0.405576 -0.164664 0.211605 0.476003 -0.760294 -0.049713 0.349794 -0.308977 -1.072387 0.341519 -0.532342 0.582505 -1.043127 -0.028162 -0.635066 0.698512 0.422294 0.530012 -0.329665 -0.550352 -0.240029 0.506312 -0.321777 0.482693 0.405641 -0.140426 -0.480346 -0.499669 -0.755066 -0.802517 0.205758 1.125548 -0.230837 -6.685482 0.242557 0.231450 0.355938 1.178766 -1.055621 0.048705 -0.518218 -0.385672 0.178589 0.799227 0.546472 -0.640771 -1.712088 -0.081581 0.438043 0.578880 -1.118949 0.120001 -0.510265 0.510218 0.555490 1.620904 -1.278915 0.498085 0.208865 -0.886438 -0.472565 -1.757341 -0.488435 -0.511926 -0.547745 -0.555002 0.939049 -0.751994 0.741017 -0.568365 -2.914989 0.291114 -0.447622 -0.515220 0.653760 1.138777 0.489414 -1.254461 -0.241835 -0.805459 1.015620 2.096192 0.082744 -1.178181 -0.071685 0.133643 1.190738 0.789350 -0.787020 -0.190458 -0.168134 -1.155133 -0.919238 0.293453 1.194910 0.515646 1.819029 1.382854 -0.519390 -0.042979 0.537003 -0.928204 -1.666287 -0.886304 -2.528696 0.638036 -0.874813 0.940877 -0.583587 0.593488 1.454282 -1.984524 0.601857 -0.369498 0.917795 0.227613 -1.688437 -0.978007 0.119698 0.317034 -0.882404 1.801868 1.145061 0.024262 0.688549 0.787240 -0.250144 -0.773492 -0.986245 -0.466653 -1.077355 -0.399831 2.113780 -0.761160 0.732524 -1.282174 -0.138320 -0.466774 -0.613591 1.398271 0.069362 0.692355 -0.885776 0.108431 -0.700188 1.054710 -0.453119 -0.359092 0.458389 0.172013 0.206027 0.033698 -0.059228 -0.145821 0.169785 -0.691006 0.051314 0.181396 0.504128 -0.240599 -0.155936 -0.256388 -1.044941 -0.138668 1.281124 -0.497827 -0.284893 0.374588 -0.121183 -0.730738 -1.279022 0.314055 0.244085 -0.228090 0.619005 0.173985 -0.359651 0.547883 -0.299771 -0.314410 -0.402974 0.409177 0.374444 -0.960101 0.211519 0.242557 -4.961372 0.481532 -0.164687 -1.021223 -0.768649 0.750017 -0.692355 0.947885 -0.969908 0.059405 0.226440 0.357611 0.768873 0.288194 -0.785109 0.647656 -0.922874 0.374768 0.961126 -0.495808 -2.748076 -0.456753 -0.620845 1.747006 -1.097455 -1.103970 -0.938530 -1.685193 0.373526 -1.861080 1.552364 -0.269196 -0.335789 -1.349385 -0.310214 0.574409 -1.429894 -0.010919 -0.056111 -0.696325 -0.174077 2.011029 1.007528 0.270732 1.133084 -1.983641 -0.061002 -0.109996 0.090709 -2.392466 -1.360677 -0.270048 -0.171997 0.364768 -0.807759 -0.190492 -0.563018 -0.002857 -0.025721 1.797160 0.393940 0.153639 -1.049756 0.327161 -0.310063 -0.677306 0.106844 -0.410036 -1.783165 -1.097363 0.763906 1.191340 1.751605 -0.473774 0.176739 -1.523253 0.929714 0.119296 0.811023 1.120536 1.830123 -1.888183 -0.948199 -0.056037 0.246221 -0.530802 0.273429 -0.639866 -0.586489 -0.352466 -1.237629 1.416138 1.861338 -1.420331 -0.883940 -0.002077 -1.919990 1.357151 -1.000519 0.884501 0.157937 -1.027174 1.005227 -0.164755 1.514460 -0.690922 1.792606 0.418105 0.146550 0.775856 -0.484174 0.201737 0.324764 0.293609 0.287306 0.516197 -0.166862 -0.553828 -0.002554 -0.587722 0.045883 -0.874869 -0.181863 0.013381 0.345572 0.474673 -0.529202 -0.929326 -0.625535 0.112246 -0.410343 0.485642 -0.272054 -0.633745 -0.495657 0.293319 0.906246 0.373126 -0.829353 -0.200920 0.469707 -0.366456 0.335564 -0.771668 0.122711 0.014487 -0.106249 -0.199705 -0.506336 0.049007 0.142861 0.231450 0.481532 -5.865748 -0.634203 0.639502 -1.104702 0.925522 -0.418105 -1.180254 -0.177894 -0.305681 -0.130908 -0.250658 0.515111 -0.519820 0.186629 1.592601 0.823152 -0.897578 0.618421 0.635359 -0.262764 0.432957 0.183250 1.252456 -0.856493 0.865168 0.444864 -0.764495 -1.102366 0.571511 -0.347190 0.951347 0.106311 -0.579965 -0.956040 1.987882 1.213711 0.236725 -2.210931 -1.127190 -2.140860 -0.836470 0.267787 0.646133 -0.144884 0.738645 -0.558225 0.025943 -0.238677 0.328105 -0.886436 -1.594299 2.683974 0.013715 -1.248197 -2.208281 1.055662 0.459626 0.676407 -0.204787 -0.507860 0.301224 -2.825481 1.002560 -0.639336 0.545916 -1.299886 -0.212292 -0.190120 -0.599102 0.529568 -2.113263 0.635183 -0.801077 0.558447 1.101720 -1.606599 -0.968461 0.283409 2.597430 0.021614 -1.309284 -0.412215 -0.464964 0.133423 -0.311583 1.315483 1.393922 1.931595 0.942513 -0.577288 -1.325160 -0.815030 0.002464 0.439208 0.325774 -0.477444 -0.140840 -0.375705 0.426237 1.691783 -1.615021 -0.998636 -0.915416 -0.873332 -0.486927 0.230918 0.084128 0.354210 0.991699 -0.966413 -0.325419 -0.012764 0.758503 -0.926646 -0.332274 0.402389 -1.046340 -0.490022 0.923263 -0.238034 0.064985 0.626641 -0.521915 -0.138156 1.275199 0.385223 -0.616320 0.369104 0.515559 -0.328270 -0.349547 0.031882 -0.272200 0.368767 0.714474 -0.299108 0.390674 0.624418 -0.221802 -0.307525 0.835290 -0.206429 0.380656 -0.767020 0.145642 1.476186 -0.059605 0.084905 -0.216655 1.038234 0.355938 -0.164687 -0.634203 -6.305421 -0.337964 -0.431175 -0.159392 -0.084128 -0.797485 0.384932 0.290077 1.242965 1.516849 0.488784 -0.326849 0.829113 -2.084894 1.148761 -0.151386 -0.017223 -1.770058 1.138820 -0.481955 -1.315516 -1.742883 -0.518369 0.464135 -1.466521 -0.488673 -1.652226 -0.659697 0.897153 -0.019288 1.458913 -2.637563 -0.828122 1.589503 -1.501842 -2.144152 -0.305095 1.199196 1.018750 0.172475 -0.587285 0.398621 -0.217710 0.202306 -0.272165 0.671282 -0.031147 0.645079 -2.191284 -1.703526 1.259962 -1.350046 0.247528 1.059852 -0.563825 -0.051314 0.035908 -0.175251 0.190253 -0.824140 0.161235 0.823274 0.105393 0.013676 -0.248406 0.083247 -0.308648 0.010439 -0.132281 -0.448893 1.010244 0.587372 0.805807 -0.798035 0.496054 -0.494039 0.523853 -1.590404 -0.156954 -0.317724 -1.552769 0.146741 1.125665 -0.897323 0.423686 -0.071193 -0.524791 -0.288539 0.383885 -0.036427 -0.566135 0.491779 -0.987697 -1.487537 -0.611014 -0.334273 -0.325802 -0.990172 0.642449 -0.194898 1.082588 -0.781798 -0.125497 1.149610 0.015113 0.935138 -0.467096 0.216345 -0.707971 0.763589 0.494992 -0.263818 -0.402152 0.063523 -0.680537 -0.150150 0.207856 -0.673036 0.457696 -0.103864 0.111539 -0.018646 1.021110 0.606347 -0.027872 -0.088841 0.487267 -0.546445 1.073907 -0.119938 0.136717 0.159334 -0.515558 -0.297070 0.142047 -0.243063 0.757570 -0.418333 -0.682526 0.300902 -1.303598 0.209992 0.469164 0.125021 -0.134459 0.087858 -0.142234 0.110593 0.005106 1.178766 -1.021223 0.639502 -0.337964 -5.794726 0.290317 -0.234276 -0.935138 -0.373385 -1.570717 0.736447 0.373633 -2.355189 0.638704 0.648704 -2.321093 0.207392 -1.774577 0.385335 0.028833 -0.190407 1.647533 0.743232 -1.856252 -1.747160 0.685667 -0.600491 -0.319096 0.856424 0.356568 1.396124 -0.323802 0.283162 0.745895 -0.883398 -1.195607 -0.047562 0.475347 0.319809 0.841886 0.228896 -0.952591 0.606313 1.412345 -0.984252 0.792869 1.916958 1.536827 -0.685248 -0.469631 -0.578150 0.549138 1.605926 0.853163 0.078680 0.812626 0.217581 -1.760972 0.006749 -1.369038 2.206696 0.016256 0.763257 0.580717 1.116342 -0.587367 0.408806 -0.318473 1.146795 -1.516199 -0.175677 -1.946746 -0.565310 1.635038 1.784436 -0.674431 0.657571 -0.114443 0.031181 -0.842618 -2.015487 -0.606915 0.797314 0.209530 -1.191529 0.979891 0.898596 -0.453456 -2.091968 1.299843 -2.327696 -1.217729 -0.071292 0.039507 0.981762 0.288588 -1.008206 -0.502410 -1.936413 1.863330 0.982409 -0.701943 0.890471 0.441291 0.049822 0.592693 0.558109 -0.458991 0.867789 -0.348178 1.228580 0.073444 -0.222906 -1.105488 -0.662738 0.114050 -0.583868 0.177755 0.503751 0.148656 -0.265434 0.597446 -0.742001 0.228373 -0.260125 0.707386 1.224669 -0.129600 0.371584 -0.159499 -0.223327 0.003178 0.799956 0.321088 0.611326 -0.986069 0.038227 0.473854 0.383872 0.565996 -0.106943 -0.693995 -0.010353 -0.050708 0.385879 0.309299 0.073513 -0.803003 -0.200303 -0.410223 -0.419583 0.659841 -1.055621 -0.768649 -1.104702 -0.431175 0.290317 -5.310731 0.404723 -0.867789 1.704377 0.673263 -1.426101 1.268513 0.438503 0.153958 -0.079425 -0.508604 1.595117 0.225848 1.647091 1.237543 -0.828865 1.032111 -1.853534 0.704854 1.008073 -1.778506 -0.479125 -1.194629 -1.981554 -1.583373 0.727566 1.128795 -0.723319 1.474302 0.183969 2.031338 -0.005012 -0.104074 0.029565 -0.145730 0.157991 -0.598290 -0.161517 1.738801 1.181903 -0.265154 -0.733292 -0.187142 1.224161 1.226486 -0.248822 -1.404400 -0.195047 -0.053524 -1.197769 2.077153 0.150202 -0.169716 -1.123640 -1.360384 0.215108 0.162309 -1.741703 -1.269006 0.316343 0.558130 0.255106 -0.639858 0.971384 -0.345205 -0.042924 0.308554 -0.759671 -2.540076 -0.170050 -0.359827 -1.179242 1.696434 -0.045870 0.250005 1.125226 0.678899 -0.582010 -0.100044 0.740697 0.589687 1.300857 -0.016681 -0.054094 -0.164028 -1.209144 0.976513 0.652993 -0.151697 -0.330053 -1.042144 1.661790 -1.094163 0.142871 1.681934 0.318469 0.258837 -0.778879 -1.076929 1.291810 0.485533 -0.669977 -2.271899 0.922378 -0.030525 -0.252596 0.102210 0.998801 -0.067926 0.578292 0.208680 0.483988 -0.996755 -0.034255 -0.675905 -0.338349 0.391497 0.083459 -0.241469 -1.168781 -0.146452 -0.379369 0.073340 0.079384 -1.008400 -0.496999 -0.547083 -0.045639 -0.019255 -0.099662 0.512066 -0.019427 0.072535 0.506921 -0.490912 -0.204186 -0.073111 -0.740255 0.252283 0.048941 -0.458206 -0.048425 -0.311063 0.369879 -0.914471 -0.511876 -0.047061 0.048705 0.750017 0.925522 -0.159392 -0.234276 0.404723 -5.263270 -0.922378 
